2010 317 11 13 08 37 23.949 39.79332 -119.01253 -0.206 -0.077 8.5877e+15 0.05 0.13 0.27 11 2200020 
2010 349 12 15 13 54 7.751 39.79937 -119.00427 0.449 0.986 3.3764e+17 0.14 0.20 0.26 15 2200024 
2010 350 12 16 05 32 55.204 39.79365 -119.01112 -0.094 0.654 1.0739e+17 0.04 0.12 0.20 16 2200025 
2010 350 12 16 09 04 18.773 39.79228 -119.01128 -0.270 0.358 3.8627e+16 0.08 0.13 0.36 13 2200026 
2010 350 12 16 18 45 24.692 39.79385 -119.01067 -0.040 0.008 1.1515e+16 0.08 0.14 0.38 14 2200027 
2010 351 12 17 14 23 54.951 39.80518 -119.00670 0.767 2.004 1.1395e+19 0.08 0.32 0.43 11 2200028 
2010 352 12 18 09 27 15.520 39.79568 -119.00970 0.276 0.341 3.6457e+16 0.03 0.16 0.29 15 2200029 
2010 355 12 21 00 52 34.498 39.79227 -119.01250 0.019 -0.546 1.7015e+15 0.03 0.18 0.47 09 2200032 
2010 355 12 21 03 01 1.805 39.79440 -119.00978 -0.157 -0.408 2.7454e+15 0.05 0.14 0.32 12 2200033 
2010 355 12 21 03 01 31.107 39.79392 -119.01033 -0.075 -0.453 2.3471e+15 0.04 0.13 0.23 14 2200034 
2010 359 12 25 13 18 23.314 39.79318 -119.00738 0.472 0.208 2.3035e+16 0.05 0.21 0.43 10 2200040 
2011 002 01 02 15 31 23.013 39.79613 -119.00867 0.063 0.378 4.1336e+16 0.04 0.18 0.39 11 2200045 
2011 002 01 02 20 10 5.989 39.79180 -119.01000 -0.038 0.386 4.2588e+16 0.13 0.12 0.27 13 2200046 
2011 015 01 15 16 04 15.083 39.79277 -119.00590 -0.166 -0.044 9.6333e+15 0.07 0.12 0.24 15 2200048 
2011 016 01 16 06 36 12.706 39.79300 -119.01223 0.175 0.379 4.1591e+16 0.03 0.15 0.26 14 2200049 
2011 016 01 16 06 41 5.132 39.79293 -119.01153 0.092 0.620 9.5371e+16 0.05 0.13 0.23 15 2200050 
2011 017 01 17 00 02 17.046 39.79107 -119.01125 0.037 0.360 3.8912e+16 0.05 0.12 0.25 16 2200051 
2011 017 01 17 11 18 51.148 39.79445 -119.00560 0.088 0.310 3.2679e+16 0.09 0.18 0.30 15 2200053 
2011 017 01 17 11 19 7.198 39.79223 -119.01098 -0.496 0.026 1.2263e+16 0.04 0.10 0.35 11 2200054 
2011 017 01 17 14 05 5.968 39.79355 -119.01110 -0.267 -0.432 2.5233e+15 0.04 0.11 0.24 14 2200055 
2011 025 01 25 20 22 1.371 39.79247 -119.01117 -0.091 0.311 3.2867e+16 0.05 0.15 0.24 13 2200062 
2011 034 02 03 10 57 31.307 39.79397 -119.01130 0.232 0.071 1.4338e+16 0.04 0.16 0.33 12 2200065 
2011 034 02 03 12 13 9.650 39.79647 -119.01212 0.411 0.480 5.8855e+16 0.06 0.23 0.47 12 2200067 
2011 034 02 03 12 20 42.378 39.79242 -119.01117 -0.240 0.333 3.5404e+16 0.06 0.11 0.29 14 2200069 
2011 034 02 03 12 20 47.390 39.79377 -119.01270 0.351 0.742 1.4546e+17 0.05 0.18 0.32 14 2200070 
2011 034 02 03 12 24 24.556 39.79482 -119.00162 0.176 -0.233 5.0115e+15 0.08 0.19 0.40 10 2200072 
2011 034 02 03 12 32 48.591 39.79498 -119.01087 0.173 -0.342 3.4416e+15 0.04 0.17 0.27 12 2200073 
2011 034 02 03 12 38 55.191 39.79195 -119.01120 -0.178 -0.630 1.2731e+15 0.03 0.18 0.40 07 2200574 
2011 034 02 03 12 48 38.662 39.79508 -119.01467 0.544 -0.288 4.1541e+15 0.08 0.22 0.37 11 2200075 
2011 034 02 03 13 18 23.136 39.79522 -119.01045 0.479 0.898 2.4911e+17 0.05 0.21 0.36 13 2200076 
2011 034 02 03 13 26 55.505 39.79137 -119.01407 -1.000 -0.213 5.3835e+15 0.15 0.07 1.02 12 2200077 
2011 034 02 03 13 36 27.500 39.79195 -119.01152 0.594 0.516 6.6616e+16 0.07 0.19 0.30 15 2200078 
2011 034 02 03 13 38 37.768 39.79105 -119.00050 0.274 0.435 5.0335e+16 0.10 0.18 0.24 15 2200080 
2011 034 02 03 14 17 58.006 39.79340 -119.01160 0.505 0.428 4.9198e+16 0.05 0.26 0.59 10 2200085 
2011 034 02 03 14 52 26.775 39.79337 -119.01217 0.657 0.564 7.8603e+16 0.08 0.20 0.33 14 2200086 
2011 034 02 03 14 53 46.576 39.79208 -119.01167 -0.699 0.082 1.4895e+16 0.06 0.08 0.48 12 2200087 
2011 034 02 03 15 05 58.430 39.79105 -119.01183 -0.835 -0.239 4.9067e+15 0.07 0.08 0.52 13 2200088 
2011 034 02 03 15 14 22.444 39.79202 -119.01085 -0.473 -0.048 9.4926e+15 0.05 0.11 0.39 10 2200089 
2011 034 02 03 15 32 42.316 39.79127 -119.01332 0.379 0.447 5.2587e+16 0.05 0.19 0.38 13 2200090 
2011 034 02 03 15 42 12.949 39.79205 -119.01195 -0.244 -0.682 1.0633e+15 0.06 0.12 0.37 10 2200091 
2011 034 02 03 15 52 59.194 39.79478 -119.00920 0.025 0.208 2.3053e+16 0.05 0.13 0.30 13 2200092 
2011 034 02 03 16 02 1.254 39.80260 -119.00815 0.770 0.678 1.1670e+17 0.04 0.25 0.44 13 2200093 
2011 034 02 03 16 23 21.676 39.79512 -119.00682 0.213 -0.374 3.0857e+15 0.09 0.22 0.44 10 2200577 
2011 034 02 03 17 02 52.986 39.79615 -119.01157 0.412 -0.395 2.8687e+15 0.08 0.22 0.45 13 2200578 
2011 034 02 03 17 11 15.860 39.79427 -119.00873 -0.136 -0.556 1.6416e+15 0.08 0.11 0.32 14 2200095 
2011 034 02 03 17 12 15.836 39.79337 -119.01237 0.255 -0.337 3.5051e+15 0.03 0.22 0.45 09 2200096 
2011 034 02 03 17 47 53.155 39.79547 -119.00973 0.051 -0.536 1.7629e+15 0.01 0.20 0.59 08 2200099 
2011 034 02 03 17 57 16.298 39.79193 -119.00903 -0.054 0.484 5.9678e+16 0.08 0.13 0.38 14 2200101 
2011 034 02 03 18 11 1.381 39.79667 -119.00595 -0.075 0.827 1.9548e+17 0.09 0.14 0.28 14 2200102 
2011 034 02 03 18 12 28.365 39.79235 -119.01148 -0.075 -0.500 1.9967e+15 0.03 0.17 0.45 08 2200103 
2011 034 02 03 18 24 48.266 39.79862 -119.00980 0.249 -0.068 8.8727e+15 0.03 0.26 0.49 09 2200104 
2011 034 02 03 18 37 45.316 39.79960 -119.00510 0.522 0.932 2.8055e+17 0.07 0.20 0.30 16 2200105 
2011 034 02 03 18 47 35.775 39.79365 -119.00960 -0.293 -0.668 1.1171e+15 0.03 0.13 0.38 09 2200106 
2011 034 02 03 18 48 50.843 39.79532 -119.01308 0.460 -0.273 4.3668e+15 0.05 0.17 0.33 15 2200107 
2011 034 02 03 19 06 24.743 39.79357 -119.01210 0.273 -0.321 3.7007e+15 0.03 0.21 0.43 09 2200110 
2011 034 02 03 19 57 28.657 39.79355 -119.01192 -0.536 -0.644 1.2127e+15 0.04 0.13 0.45 11 2200112 
2011 034 02 03 20 14 43.528 39.79698 -119.01033 0.422 0.213 2.3425e+16 0.08 0.19 0.43 13 2200113 
2011 034 02 03 20 57 20.037 39.79140 -119.01227 -0.755 -0.217 5.2978e+15 0.05 0.07 0.57 13 2200114 
2011 034 02 03 20 57 38.781 39.79162 -119.01105 -0.262 0.617 9.4461e+16 0.06 0.12 0.37 13 2200115 
2011 034 02 03 21 05 27.409 39.79343 -119.01132 -0.270 0.839 2.0316e+17 0.04 0.10 0.22 16 2200116 
2011 034 02 03 23 39 27.137 39.79713 -119.00633 0.571 0.566 7.9180e+16 0.07 0.23 0.31 14 2200120 
2011 034 02 03 23 40 59.669 39.79365 -119.01113 -0.342 0.735 1.4211e+17 0.04 0.12 0.39 12 2200121 
2011 034 02 03 23 59 51.188 39.79293 -119.00928 -0.372 0.099 1.5796e+16 0.09 0.11 0.30 14 2200122 
2011 035 02 04 00 12 22.727 39.79447 -119.01107 -0.010 0.258 2.7308e+16 0.05 0.15 0.38 13 2200123 
2011 035 02 04 00 14 25.139 39.79303 -119.01355 -0.073 0.442 5.1720e+16 0.04 0.15 0.51 11 2200124 
2011 035 02 04 01 28 36.137 39.79252 -119.01125 0.089 -0.068 8.8825e+15 0.07 0.15 0.28 12 2200127 
2011 035 02 04 04 30 13.290 39.79892 -119.00735 1.007 0.641 1.0285e+17 0.05 0.36 0.48 10 2200128 
2011 035 02 04 04 34 54.888 39.79865 -119.00982 0.329 0.261 2.7619e+16 0.07 0.20 0.47 12 2200129 
2011 035 02 04 05 12 18.587 39.79565 -119.00813 -0.012 0.372 4.0525e+16 0.04 0.13 0.25 15 2200130 
2011 035 02 04 05 38 56.595 39.80198 -119.00438 0.551 0.887 2.3987e+17 0.06 0.20 0.35 15 2200132 
2011 035 02 04 07 02 16.071 39.80833 -119.00520 0.099 1.111 5.2056e+17 0.13 0.21 0.35 13 2200133 
2011 035 02 04 19 04 22.504 39.80222 -119.00642 0.573 -0.203 5.5699e+15 0.06 0.20 0.34 15 2200137 
2011 035 02 04 20 05 50.659 39.79890 -119.00550 0.481 0.978 3.2831e+17 0.10 0.25 0.38 14 2200138 
2011 086 03 27 18 04 13.394 39.79207 -119.01087 -0.217 0.230 2.4802e+16 0.06 0.11 0.34 14 2200161 
2011 087 03 28 02 11 9.166 39.79302 -119.01242 -0.650 -0.064 9.0032e+15 0.04 0.08 0.43 11 2200164 
2012 004 01 04 03 28 35.400 39.79388 -119.01467 0.320 -0.248 4.7621e+15 0.03 0.32 0.65 07 2200629 
2012 093 04 02 08 52 57.409 39.79630 -119.01313 0.478 0.625 9.7296e+16 0.09 0.18 0.30 16 2200442 
2012 093 04 02 09 35 31.987 39.79307 -119.01402 0.046 -0.271 4.3938e+15 0.03 0.15 0.39 13 2200443 
2012 093 04 02 10 15 8.306 39.79165 -119.01597 0.095 -0.075 8.6563e+15 0.03 0.16 0.38 09 2200446 
2012 093 04 02 10 19 32.822 39.79320 -119.01463 0.385 -0.348 3.3719e+15 0.07 0.16 0.27 14 2200447 
2012 093 04 02 10 33 52.601 39.79338 -119.01388 0.364 0.507 6.4745e+16 0.04 0.16 0.27 14 2200449 
2012 093 04 02 10 35 4.036 39.79287 -119.01475 0.403 0.118 1.6871e+16 0.03 0.19 0.31 13 2200450 
2012 093 04 02 12 36 29.630 39.79202 -119.01233 0.110 0.152 1.8956e+16 0.04 0.15 0.39 12 2200451 
2012 093 04 02 12 48 24.358 39.79192 -119.01245 -0.440 0.045 1.3125e+16 0.03 0.10 0.22 12 2200452 
2012 093 04 02 12 49 3.012 39.79177 -119.01287 -0.684 0.303 3.1898e+16 0.04 0.08 0.46 12 2200453 
2012 093 04 02 14 15 1.365 39.79253 -119.01615 0.128 -0.452 2.3585e+15 0.07 0.14 0.27 12 2200455 
2012 093 04 02 16 41 4.221 39.79180 -119.01303 -0.737 -0.886 5.2645e+14 0.04 0.08 0.48 10 2200644 
2012 095 04 04 08 06 23.524 39.79195 -119.01350 -0.182 -0.556 1.6454e+15 0.06 0.15 0.43 11 2200457 
2013 006 01 06 12 44 12.070 39.79713 -119.01995 0.203 -0.499 2.0024e+15 0.01 0.47 0.94 06 2200656 
2013 006 01 06 12 45 8.135 39.79580 -119.01713 0.067 0.254 2.7012e+16 0.04 0.19 0.34 12 2200531 
2013 006 01 06 14 28 47.583 39.79820 -119.01478 0.264 0.453 5.3686e+16 0.11 0.23 0.34 12 2200534 
2013 018 01 18 19 35 44.886 39.79405 -119.01623 0.504 0.220 2.4013e+16 0.08 0.20 0.31 11 2200540 
2013 018 01 18 19 36 30.973 39.79397 -119.00965 0.051 0.435 5.0465e+16 0.10 0.13 0.23 17 2200541 
2013 018 01 18 19 43 52.066 39.79172 -119.01290 -0.385 -0.130 7.1722e+15 0.04 0.12 0.36 08 2200542 
2013 018 01 18 19 45 36.508 39.79147 -119.01537 0.099 -0.160 6.4554e+15 0.04 0.18 0.43 10 2200543 
2013 018 01 18 19 46 21.048 39.79285 -119.01557 0.333 0.403 4.5109e+16 0.03 0.17 0.29 13 2200544 
2013 018 01 18 19 58 49.278 39.79115 -119.01242 -0.797 -0.832 6.3337e+14 0.02 0.13 1.03 06 2200661 
2013 018 01 18 20 02 58.907 39.79395 -119.01527 0.348 0.225 2.4379e+16 0.03 0.20 0.40 14 2200545 
2013 018 01 18 20 07 48.449 39.79418 -119.01373 0.300 0.219 2.3908e+16 0.04 0.25 0.48 09 2200546 
2013 018 01 18 20 22 36.393 39.79243 -119.01320 -0.329 0.208 2.3017e+16 0.04 0.13 0.38 11 2200547 
2013 018 01 18 20 41 10.658 39.79607 -119.01207 0.202 0.513 6.6051e+16 0.07 0.16 0.32 15 2200548 
2013 018 01 18 20 46 13.483 39.79352 -119.01238 -0.357 -0.361 3.2222e+15 0.04 0.11 0.36 12 2200550 
2013 018 01 18 21 06 11.386 39.79328 -119.01543 0.339 0.655 1.0764e+17 0.03 0.18 0.27 15 2200552 
2013 018 01 18 21 20 25.529 39.79350 -119.01347 -0.451 -0.346 3.3942e+15 0.03 0.11 0.35 10 2200553 
2013 018 01 18 21 26 25.759 39.79195 -119.01528 0.359 0.370 4.0288e+16 0.03 0.28 0.44 08 2200554 
2013 018 01 18 21 37 10.573 39.79570 -119.01355 0.173 0.208 2.2999e+16 0.04 0.18 0.49 13 2200555 
2013 018 01 18 21 41 42.301 39.79315 -119.01415 -0.153 0.010 1.1609e+16 0.03 0.16 0.52 10 2200557 
2013 018 01 18 22 01 38.506 39.79263 -119.01580 0.497 0.044 1.3076e+16 0.02 0.36 0.80 08 2200559 
2013 018 01 18 22 15 9.528 39.79440 -119.01367 -0.016 0.207 2.2931e+16 0.01 0.27 0.74 06 2200560 
2013 018 01 18 22 20 55.058 39.79457 -119.01395 0.132 0.061 1.3837e+16 0.02 0.24 0.44 09 2200561 
2013 018 01 18 22 52 14.805 39.79060 -119.01483 -0.414 0.099 1.5773e+16 0.04 0.12 0.45 11 2200562 
2013 018 01 18 22 55 28.210 39.79277 -119.01332 -0.066 0.490 6.1043e+16 0.05 0.12 0.23 15 2200563 
2013 019 01 19 01 22 33.172 39.79408 -119.01658 0.535 0.622 9.6272e+16 0.02 0.21 0.28 15 2200666 
2013 019 01 19 01 38 16.765 39.79390 -119.01592 0.615 0.774 1.6278e+17 0.06 0.18 0.27 17 2200668 
2013 019 01 19 02 38 27.613 39.79282 -119.01272 -0.219 -0.315 3.7817e+15 0.01 0.23 0.83 06 2200669 
2013 019 01 19 03 03 28.862 39.79643 -119.01182 0.217 0.269 2.8401e+16 0.05 0.16 0.32 15 2200670 
2013 019 01 19 11 18 12.180 39.79777 -119.01223 0.290 0.154 1.9122e+16 0.04 0.22 0.38 11 2200671 
2013 098 04 08 07 35 39.305 39.79508 -119.01360 0.073 -0.276 4.3244e+15 0.09 0.15 0.23 16 2200715 
2013 098 04 08 08 58 41.615 39.79268 -119.01233 -0.217 0.009 1.1579e+16 0.04 0.12 0.29 12 2200717 
2013 098 04 08 10 12 18.525 39.79248 -119.01290 -0.051 -0.012 1.0764e+16 0.05 0.13 0.40 13 2200719 
2013 098 04 08 11 32 45.607 39.79205 -119.01282 -0.190 0.450 5.3140e+16 0.06 0.09 0.17 20 2200722 
2013 098 04 08 13 53 24.817 39.79295 -119.01250 -0.243 0.771 1.6062e+17 0.05 0.10 0.21 18 2200724 
2013 098 04 08 16 04 55.037 39.79207 -119.01302 -0.530 -0.061 9.1026e+15 0.06 0.07 0.25 16 2200725 
2013 098 04 08 19 16 9.379 39.79143 -119.01518 -0.290 0.321 3.4056e+16 0.05 0.10 0.22 16 2200727 
2013 098 04 08 21 47 40.895 39.79237 -119.01353 -0.197 0.249 2.6515e+16 0.02 0.26 0.65 06 2200730 
2013 099 04 09 01 39 3.009 39.79033 -119.01457 0.055 0.647 1.0495e+17 0.06 0.12 0.18 19 2200733 
2013 099 04 09 01 47 35.121 39.79183 -119.01450 0.127 0.546 7.4021e+16 0.06 0.14 0.20 17 2200734 
2013 099 04 09 01 48 53.329 39.79117 -119.01557 0.185 0.347 3.7156e+16 0.07 0.12 0.19 20 2200735 
2013 099 04 09 02 22 4.527 39.79877 -119.00277 -0.071 0.101 1.5904e+16 0.07 0.17 0.26 11 2200737 
2013 099 04 09 03 49 43.500 39.79722 -119.01265 0.044 0.099 1.5795e+16 0.02 0.26 0.53 07 2200738 
2013 099 04 09 03 52 22.547 39.79625 -119.01228 -0.106 -0.129 7.1948e+15 0.02 0.19 0.37 08 2200739 
2013 099 04 09 04 29 8.041 39.79477 -119.01750 0.144 -0.643 1.2186e+15 0.01 0.32 1.07 06 2200740 
2013 099 04 09 04 42 21.835 39.80640 -119.01303 0.454 0.607 9.1447e+16 0.04 0.23 0.45 10 2200741 
2013 099 04 09 05 08 2.874 39.79180 -119.01258 0.015 -0.684 1.0563e+15 0.09 0.17 0.34 12 2200742 
2013 099 04 09 05 59 51.932 39.79415 -119.01482 0.545 0.980 3.3127e+17 0.04 0.24 0.35 15 2200745 
2013 099 04 09 18 52 52.501 39.79188 -119.01485 -0.253 0.162 1.9611e+16 0.07 0.13 0.31 11 2200751 
2013 100 04 10 06 01 43.505 39.79408 -119.01042 -0.177 0.026 1.2283e+16 0.10 0.15 0.29 11 2200754 
2013 100 04 10 10 51 29.409 39.79385 -119.01362 -0.287 -0.142 6.8784e+15 0.09 0.10 0.24 18 2200758 
2013 100 04 10 22 34 40.504 39.79185 -119.01135 -0.162 0.540 7.2488e+16 0.08 0.11 0.26 18 2200763 
2013 101 04 11 00 27 45.710 39.79642 -119.01122 -0.619 -0.631 1.2680e+15 0.03 0.12 0.48 08 2200765 
2013 148 05 28 01 20 20.986 39.79153 -119.00467 0.815 0.626 9.7461e+16 0.07 0.26 0.38 14 2200776 
2013 359 12 25 06 26 41.330 39.78933 -119.01268 -0.220 0.006 1.1462e+16 0.15 0.12 0.18 16 2200777 
2013 359 12 25 06 42 59.000 39.79392 -119.01135 0.006 -0.675 1.0908e+15 0.11 0.14 0.21 14 2200778 
2013 359 12 25 06 45 25.984 39.79265 -119.01133 -0.227 0.001 1.1250e+16 0.13 0.10 0.14 16 2200779 
2013 359 12 25 07 07 39.802 39.79122 -119.00937 -1.000 -0.310 3.8485e+15 0.28 0.09 0.60 12 2200780 
2014 009 01 09 12 51 51.278 39.78487 -119.02403 -1.000 -0.975 3.8719e+14 0.19 0.09 0.33 12 2200781 
2014 044 02 13 05 58 11.801 39.79020 -119.01395 -0.942 -0.338 3.4947e+15 0.12 0.07 0.58 09 2200782 
2014 045 02 14 12 50 51.439 39.79415 -119.00870 0.134 0.286 3.0173e+16 0.11 0.20 0.38 12 2200783 
2014 048 02 17 08 57 37.805 39.79210 -119.01447 -0.323 -0.259 4.5846e+15 0.07 0.10 0.26 17 2200784 
2014 061 03 02 02 25 47.675 39.78833 -119.02125 0.326 0.167 1.9989e+16 0.03 0.29 0.54 08 2200785 
2014 061 03 02 07 19 26.962 39.79265 -119.01345 -0.548 -0.639 1.2342e+15 0.05 0.11 0.46 08 2200786 
2014 061 03 02 08 32 23.007 39.79133 -119.01463 -0.481 -0.360 3.2326e+15 0.09 0.11 0.42 10 2200787 
2014 061 03 02 12 10 40.261 39.79275 -119.01433 0.292 0.143 1.8370e+16 0.07 0.18 0.32 15 2200788 
2014 061 03 02 12 17 32.803 39.79152 -119.01460 0.033 -0.076 8.6250e+15 0.09 0.20 0.37 13 2200789 
2014 061 03 02 13 33 33.646 39.79165 -119.01383 0.213 0.281 2.9589e+16 0.06 0.23 0.48 10 2200790 
2014 061 03 02 15 23 31.670 39.79243 -119.01195 -0.150 0.545 7.3701e+16 0.09 0.12 0.25 18 2200791 
2014 061 03 02 15 32 51.247 39.79480 -119.01183 0.027 0.283 2.9768e+16 0.09 0.13 0.23 17 2200792 
2014 061 03 02 18 26 42.477 39.78977 -119.01730 -0.071 -0.801 7.0492e+14 0.06 0.21 0.39 09 2200793 
2014 062 03 03 16 48 57.346 39.79113 -119.01082 0.279 0.075 1.4531e+16 0.10 0.25 0.49 12 2200794 
2014 097 04 07 03 14 33.766 39.79332 -119.01302 -0.212 -0.238 4.9274e+15 0.09 0.16 0.37 11 2200795 
2014 097 04 07 03 18 49.173 39.79138 -119.01380 0.067 -0.161 6.4340e+15 0.02 0.30 0.62 07 2200796 
2014 097 04 07 03 42 32.490 39.79352 -119.01310 -0.036 0.110 1.6419e+16 0.06 0.12 0.27 16 2200797 
2014 097 04 07 03 48 9.264 39.79325 -119.01273 -0.183 -0.156 6.5488e+15 0.07 0.11 0.28 14 2200798 
2014 097 04 07 04 09 3.549 39.79193 -119.01532 0.489 0.120 1.7005e+16 0.08 0.25 0.35 14 2200799 
2014 097 04 07 04 13 8.973 39.79583 -119.01207 -0.054 -0.048 9.5068e+15 0.02 0.30 1.01 05 2200800 
2014 097 04 07 04 18 57.561 39.79503 -119.01073 0.221 0.230 2.4840e+16 0.09 0.21 0.47 14 2200801 
2014 097 04 07 04 31 22.251 39.80017 -119.01498 0.127 0.056 1.3630e+16 0.11 0.22 0.45 11 2200802 
2014 097 04 07 04 57 10.496 39.79257 -119.01220 -0.354 -0.543 1.7223e+15 0.04 0.13 0.33 09 2200804 
2014 097 04 07 05 02 34.223 39.79237 -119.01455 -1.000 -1.012 3.4076e+14 0.10 0.09 0.70 09 2200805 
2014 097 04 07 05 03 39.649 39.79190 -119.01248 -0.303 -0.539 1.7417e+15 0.06 0.17 0.32 11 2200806 
2014 097 04 07 05 04 10.623 39.79337 -119.01278 -0.203 0.095 1.5565e+16 0.08 0.10 0.17 18 2200807 
2014 097 04 07 05 25 39.906 39.79172 -119.01007 -1.000 -0.148 6.7308e+15 0.07 0.14 0.54 12 2200808 
2014 097 04 07 05 30 26.331 39.79543 -119.01803 0.755 -0.180 6.0293e+15 0.06 0.31 0.69 10 2200810 
2014 097 04 07 05 33 53.716 39.79523 -119.01410 0.791 0.125 1.7307e+16 0.04 0.39 0.69 09 2200811 
2014 097 04 07 05 46 53.783 39.79520 -119.01328 -0.034 -0.688 1.0417e+15 0.10 0.16 0.32 13 2200812 
2014 097 04 07 05 50 47.671 39.79490 -119.01862 -1.000 -1.209 1.7247e+14 0.14 0.22 0.43 08 2200813 
2014 097 04 07 05 52 7.123 39.79225 -119.01398 0.204 0.312 3.2980e+16 0.04 0.14 0.24 16 2200814 
2014 097 04 07 05 52 51.604 39.79293 -119.01427 -0.005 -0.066 8.9298e+15 0.07 0.13 0.28 18 2200815 
2014 097 04 07 05 57 9.661 39.79575 -119.01238 -0.184 -0.169 6.2656e+15 0.06 0.26 0.97 08 2200816 
2014 097 04 07 06 18 58.519 39.79140 -119.01483 0.200 0.335 3.5626e+16 0.08 0.15 0.26 18 2200817 
2014 097 04 07 06 19 27.259 39.79395 -119.01840 -1.000 -0.531 1.7940e+15 0.09 0.14 0.65 09 2200818 
2014 097 04 07 06 20 11.556 39.79197 -119.01320 -0.173 -0.302 3.9478e+15 0.06 0.16 0.34 10 2200819 
2014 097 04 07 06 26 18.828 39.79737 -119.01112 -0.335 -0.826 6.4672e+14 0.02 0.30 0.71 05 2200820 
2014 097 04 07 06 27 13.927 39.79520 -119.01433 0.102 -0.480 2.1378e+15 0.02 0.25 0.45 09 2200821 
2014 097 04 07 06 28 52.946 39.79662 -119.01077 -0.261 -0.665 1.1287e+15 0.01 0.20 0.29 08 2200822 
2014 097 04 07 06 34 33.228 39.79468 -119.01415 0.269 0.169 2.0140e+16 0.12 0.19 0.33 15 2200823 
2014 097 04 07 06 36 42.920 39.79295 -119.01253 -0.470 -0.237 4.9543e+15 0.06 0.10 0.28 15 2200824 
2014 097 04 07 06 37 28.316 39.79398 -119.01290 -0.309 -0.916 4.7463e+14 0.01 0.30 0.79 05 2200825 
2014 097 04 07 06 45 56.282 39.79343 -119.01278 -0.259 -0.696 1.0127e+15 0.03 0.13 0.31 11 2200826 
2014 097 04 07 06 53 27.161 39.79137 -119.01267 -0.694 -1.019 3.3255e+14 0.03 0.16 0.69 06 2200827 
2014 097 04 07 06 54 41.220 39.79408 -119.01412 -0.631 -0.811 6.8105e+14 0.05 0.09 0.34 13 2200828 
2014 097 04 07 06 55 5.162 39.79338 -119.01300 -0.439 0.459 5.4756e+16 0.07 0.09 0.20 18 2200829 
2014 097 04 07 06 55 33.203 39.79760 -119.01095 0.094 0.070 1.4268e+16 0.11 0.17 0.23 15 2200830 
2014 097 04 07 07 10 7.046 39.78940 -119.01610 0.090 -0.529 1.8078e+15 0.03 0.20 0.33 10 2200832 
2014 097 04 07 07 14 26.489 39.79443 -119.01265 0.049 0.143 1.8371e+16 0.07 0.12 0.28 17 2200833 
2014 097 04 07 07 18 2.997 39.79072 -119.01465 0.104 0.094 1.5540e+16 0.06 0.19 0.35 12 2200834 
2014 097 04 07 07 20 44.813 39.79248 -119.01228 -0.211 -0.022 1.0403e+16 0.09 0.11 0.30 15 2200835 
2014 097 04 07 07 27 19.914 39.79327 -119.01020 -0.910 -1.066 2.8280e+14 0.08 0.16 0.40 11 2200836 
2014 097 04 07 07 27 46.626 39.79040 -119.01657 -0.016 -0.697 1.0102e+15 0.07 0.15 0.23 15 2200837 
2014 097 04 07 07 30 20.295 39.78870 -119.01862 0.009 -0.979 3.8151e+14 0.01 0.40 0.80 05 2200838 
2014 097 04 07 07 33 58.753 39.79155 -119.01330 -0.829 -0.277 4.3128e+15 0.06 0.08 0.48 14 2200839 
2014 097 04 07 07 37 15.134 39.79253 -119.01423 0.114 -0.589 1.4697e+15 0.04 0.28 0.45 08 2200840 
2014 097 04 07 07 37 53.984 39.79788 -119.01295 -0.132 -0.551 1.6759e+15 0.06 0.21 0.63 10 2200841 
2014 097 04 07 07 41 37.104 39.78942 -119.02140 -0.589 -1.181 1.8993e+14 0.02 0.17 0.46 06 2200842 
2014 097 04 07 07 52 40.368 39.79468 -119.01285 -0.144 -0.776 7.7032e+14 0.04 0.18 0.55 08 2200843 
2014 097 04 07 07 52 59.144 39.79337 -119.01497 -1.000 -0.664 1.1334e+15 0.10 0.06 0.44 12 2200844 
2014 097 04 07 07 53 19.517 39.79268 -119.01247 -0.365 0.514 6.6174e+16 0.07 0.11 0.32 16 2200845 
2014 097 04 07 07 59 5.740 39.79430 -119.01278 -0.115 -0.649 1.1918e+15 0.08 0.12 0.29 16 2200846 
2014 097 04 07 07 59 32.782 39.79375 -119.01375 -0.388 -0.339 3.4785e+15 0.08 0.10 0.28 14 2200847 
2014 097 04 07 08 06 58.584 39.78888 -119.01735 0.051 -0.633 1.2620e+15 0.03 0.21 0.42 10 2200848 
2014 097 04 07 08 14 54.437 39.79195 -119.01577 -0.283 -0.629 1.2757e+15 0.04 0.17 0.65 07 2200850 
2014 097 04 07 08 26 14.473 39.79223 -119.01267 -0.482 -0.488 2.0798e+15 0.06 0.13 0.34 14 2200851 
2014 097 04 07 08 34 53.504 39.78725 -119.02853 -1.000 -1.320 1.1744e+14 0.15 0.23 0.62 07 2200852 
2014 097 04 07 08 51 27.065 39.79675 -119.01145 -0.467 -0.484 2.1064e+15 0.02 0.32 0.96 05 2200853 
2014 097 04 07 09 08 30.972 39.79323 -119.01280 -0.428 -1.038 3.1164e+14 0.01 0.25 0.65 05 2200855 
2014 097 04 07 09 22 14.958 39.79688 -119.01293 0.291 -0.065 8.9656e+15 0.09 0.18 0.34 16 2200856 
2014 097 04 07 09 55 21.547 39.79680 -119.01147 0.111 0.103 1.6037e+16 0.01 0.41 1.05 05 2200857 
2014 097 04 07 10 34 18.196 39.79293 -119.01348 -0.359 -0.711 9.6329e+14 0.04 0.14 0.35 10 2200858 
2014 097 04 07 10 39 0.434 39.79512 -119.01217 0.037 -0.108 7.7208e+15 0.05 0.15 0.36 15 2200859 
2014 097 04 07 10 48 23.618 39.79433 -119.01265 -0.575 -1.048 3.0109e+14 0.01 0.16 0.54 06 2200860 
2014 097 04 07 10 49 38.994 39.79175 -119.01300 -0.440 -0.098 8.0015e+15 0.07 0.08 0.19 18 2200861 
2014 097 04 07 10 53 17.819 39.79742 -119.01037 -0.392 -0.629 1.2799e+15 0.05 0.17 0.36 08 2200862 
2014 097 04 07 11 03 42.011 39.79137 -119.01263 -0.455 -0.859 5.7793e+14 0.06 0.12 0.35 09 2200863 
2014 097 04 07 11 05 1.257 39.80463 -119.01682 -1.000 -0.549 1.6822e+15 0.25 0.17 0.54 06 2200864 
2014 097 04 07 11 27 22.406 39.79348 -119.01477 -0.308 -0.673 1.0974e+15 0.03 0.13 0.36 10 2200865 
2014 097 04 07 12 12 16.177 39.79715 -119.01057 -0.294 -0.026 1.0268e+16 0.08 0.12 0.24 15 2200866 
2014 097 04 07 12 14 55.929 39.79705 -119.01050 -0.063 -0.459 2.2966e+15 0.04 0.20 0.49 09 2200867 
2014 097 04 07 13 49 13.220 39.79270 -119.01302 -0.260 0.101 1.5931e+16 0.05 0.11 0.33 12 2200868 
2014 097 04 07 13 56 16.776 39.79973 -119.01052 -0.128 0.875 2.3065e+17 0.07 0.14 0.25 18 2200869 
2014 097 04 07 14 34 28.673 39.79140 -119.01412 0.174 0.417 4.7433e+16 0.08 0.13 0.19 19 2200870 
2014 097 04 07 14 38 27.103 39.79438 -119.01308 -0.235 0.068 1.4185e+16 0.05 0.11 0.31 15 2200871 
2014 097 04 07 14 42 32.493 39.79518 -119.01412 -0.574 -0.842 6.1131e+14 0.04 0.16 0.51 08 2200872 
2014 097 04 07 14 47 16.203 39.79488 -119.01257 -0.125 -0.060 9.1203e+15 0.03 0.20 0.34 08 2200873 
2014 097 04 07 15 28 28.173 39.80178 -119.00168 0.350 1.536 2.2559e+18 0.10 0.17 0.35 20 2200874 
2014 097 04 07 15 54 28.452 39.79183 -119.01513 -1.000 -0.401 2.8109e+15 0.17 0.08 0.59 10 2200875 
2014 097 04 07 16 05 29.879 39.79552 -119.01187 -0.075 0.337 3.5982e+16 0.06 0.13 0.24 17 2200876 
2014 097 04 07 16 13 1.313 39.79397 -119.01383 0.076 -0.308 3.8759e+15 0.03 0.24 0.42 09 2200877 
2014 097 04 07 16 15 27.133 39.79117 -119.01377 -0.442 -0.754 8.2911e+14 0.05 0.11 0.34 10 2200878 
2014 097 04 07 16 19 44.784 39.79177 -119.01505 -1.000 -0.458 2.3093e+15 0.12 0.08 0.39 12 2200879 
2014 097 04 07 16 33 38.956 39.79327 -119.01288 -0.087 0.654 1.0727e+17 0.07 0.12 0.20 20 2200880 
2014 097 04 07 16 56 12.395 39.79255 -119.01332 -0.188 -0.593 1.4447e+15 0.04 0.19 0.54 08 2200881 
2014 097 04 07 17 46 7.082 39.79108 -119.01467 0.299 -0.287 4.1578e+15 0.04 0.16 0.24 14 2200882 
2014 097 04 07 18 24 22.843 39.78807 -119.01145 -1.000 -1.137 2.2080e+14 0.00 0.19 1.12 05 2200883 
2014 097 04 07 18 46 26.468 39.79427 -119.01247 -0.089 0.257 2.7304e+16 0.08 0.11 0.26 17 2200884 
2014 097 04 07 18 57 22.489 39.79858 -119.00185 -0.091 0.081 1.4863e+16 0.09 0.24 0.45 11 2200885 
2014 097 04 07 19 20 13.487 39.79033 -119.01655 -0.070 -0.809 6.8534e+14 0.02 0.22 0.57 08 2200886 
2014 097 04 07 20 23 48.686 39.79290 -119.01442 -0.046 -0.153 6.6057e+15 0.01 0.29 0.47 06 2200887 
2014 097 04 07 21 04 35.443 39.79308 -119.01380 -0.243 -0.509 1.9322e+15 0.05 0.11 0.30 14 2200888 
2014 097 04 07 22 21 55.679 39.79265 -119.01723 0.128 -0.465 2.2520e+15 0.03 0.23 0.50 09 2200889 
2014 097 04 07 22 44 15.702 39.79103 -119.01627 -0.279 -0.021 1.0421e+16 0.04 0.13 0.27 13 2200890 
2014 097 04 07 22 53 18.523 39.79252 -119.01617 -0.609 -0.176 6.1018e+15 0.06 0.12 0.66 09 2200891 
2014 097 04 07 23 09 26.104 39.79097 -119.01447 -0.118 -0.545 1.7051e+15 0.04 0.17 0.71 09 2200892 
2014 097 04 07 23 12 33.825 39.79148 -119.01548 -0.095 -0.703 9.8882e+14 0.05 0.17 0.45 10 2200894 
2014 097 04 07 23 15 1.978 39.79218 -119.01493 -0.048 -0.576 1.5324e+15 0.04 0.21 0.46 09 2200895 
2014 097 04 07 23 41 2.413 39.79093 -119.01630 -0.150 -0.336 3.5129e+15 0.04 0.15 0.33 12 2200896 
2014 098 04 08 00 33 32.383 39.79288 -119.01610 -0.081 0.054 1.3513e+16 0.07 0.26 0.40 09 2200897 
2014 098 04 08 00 40 51.226 39.78692 -119.01262 -0.727 -1.135 2.2258e+14 0.01 0.23 0.50 06 2200898 
2014 098 04 08 00 48 32.827 39.79722 -119.01138 0.423 1.187 6.7736e+17 0.06 0.23 0.37 16 2200899 
2014 098 04 08 01 53 59.663 39.79208 -119.01358 -0.104 -0.649 1.1937e+15 0.04 0.16 0.39 10 2200900 
2014 098 04 08 03 44 37.041 39.79093 -119.01582 -0.091 -0.170 6.2478e+15 0.01 0.25 0.60 06 2200902 
2014 098 04 08 04 40 35.261 39.79532 -119.01273 -0.618 -0.661 1.1435e+15 0.01 0.17 0.88 05 2200903 
2014 098 04 08 05 01 53.896 39.79468 -119.01205 0.188 -0.094 8.0964e+15 0.05 0.24 0.58 09 2200904 
2014 098 04 08 07 21 17.014 39.79262 -119.01630 0.036 -0.671 1.1049e+15 0.06 0.19 0.39 10 2200905 
2014 098 04 08 08 28 28.436 39.79323 -119.01215 -0.481 -1.062 2.8613e+14 0.01 0.25 0.69 05 2200906 
2014 098 04 08 08 42 12.581 39.79298 -119.01367 -1.000 -0.983 3.7612e+14 0.27 0.08 0.22 09 2200907 
2014 098 04 08 09 31 50.977 39.80563 -119.01788 0.883 -0.312 3.8181e+15 0.07 0.35 0.68 09 2200908 
2014 098 04 08 10 55 13.960 39.79303 -119.01383 -0.164 -0.187 5.8725e+15 0.04 0.15 0.42 11 2200909 
2014 098 04 08 10 55 48.514 39.79335 -119.01488 -0.359 -0.241 4.8852e+15 0.04 0.13 0.43 12 2200910 
2014 098 04 08 11 05 24.257 39.79225 -119.01478 -0.205 -0.768 7.9028e+14 0.03 0.22 0.47 08 2200911 
2014 098 04 08 11 22 58.422 39.79803 -119.01657 0.784 0.590 8.6056e+16 0.09 0.29 0.42 16 2200912 
2014 098 04 08 11 26 57.376 39.78923 -119.01713 -0.001 -0.774 7.7430e+14 0.01 0.35 0.65 06 2200913 
2014 098 04 08 11 51 14.495 39.79175 -119.01385 -0.258 -0.272 4.3870e+15 0.03 0.17 0.39 08 2200914 
2014 098 04 08 19 12 11.818 39.81017 -119.01180 1.956 0.789 1.7118e+17 0.09 0.32 0.69 14 2200915 
2014 098 04 08 21 08 38.885 39.80455 -119.01125 0.971 0.584 8.4321e+16 0.03 0.39 0.54 08 2200916 
2014 099 04 09 01 01 58.190 39.79087 -119.01560 -0.144 -0.315 3.7851e+15 0.05 0.15 0.29 12 2200918 
2014 099 04 09 01 52 34.666 39.79512 -119.01310 0.151 0.305 3.2212e+16 0.07 0.18 0.46 13 2200919 
2014 099 04 09 02 00 9.433 39.79393 -119.01235 -0.149 0.021 1.2072e+16 0.03 0.18 0.53 09 2200920 
2014 099 04 09 02 00 33.230 39.79388 -119.01435 -1.000 -0.071 8.7856e+15 0.09 0.06 0.51 16 2200921 
2014 099 04 09 02 03 59.833 39.79507 -119.01675 0.578 0.198 2.2204e+16 0.04 0.35 1.23 09 2200922 
2014 099 04 09 02 20 47.430 39.79107 -119.01443 -0.277 -0.097 8.0266e+15 0.01 0.44 0.74 05 2200923 
2014 099 04 09 05 33 8.852 39.79123 -119.01733 0.551 0.202 2.2510e+16 0.05 0.36 0.57 09 2200924 
2014 099 04 09 06 00 47.105 39.79952 -119.01065 0.454 0.314 3.3177e+16 0.09 0.20 0.28 18 2200925 
2014 099 04 09 06 45 45.855 39.79148 -119.01572 0.244 0.137 1.7985e+16 0.08 0.29 0.77 08 2200926 
2014 099 04 09 07 17 6.800 39.80870 -119.00983 1.178 0.687 1.2037e+17 0.06 0.29 0.63 16 2200927 
2014 099 04 09 08 28 31.828 39.80117 -119.01065 0.690 -0.101 7.9080e+15 0.03 0.39 0.64 08 2200928 
2014 099 04 09 10 37 11.683 39.79788 -119.00975 0.370 0.068 1.4214e+16 0.07 0.22 0.34 12 2200929 
2014 099 04 09 10 42 58.142 39.80722 -119.01303 0.025 -0.768 7.9186e+14 0.05 0.30 0.67 06 2200930 
2014 099 04 09 13 50 18.944 39.79273 -119.01733 0.811 -0.123 7.3380e+15 0.05 0.38 0.54 11 2200931 
2014 099 04 09 16 44 20.955 39.79715 -119.01300 0.370 0.357 3.8476e+16 0.04 0.27 0.70 10 2200932 
2014 130 05 10 13 43 2.746 39.79242 -119.01503 -0.454 -0.907 4.8952e+14 0.03 0.22 0.62 06 2200933 
2014 149 05 29 20 06 11.730 39.78858 -119.02333 0.223 -0.042 9.6925e+15 0.11 0.24 0.45 11 2200934 
2014 157 06 06 12 48 35.088 39.79355 -119.01340 -0.130 -0.258 4.6007e+15 0.04 0.19 0.63 08 2200935 
2014 157 06 06 12 55 20.999 39.79150 -119.01260 -0.121 -0.478 2.1556e+15 0.01 0.32 0.53 06 2200936 
2014 157 06 06 13 18 14.129 39.79263 -119.01275 -0.340 -0.307 3.8907e+15 0.02 0.21 0.78 07 2200937 
2014 157 06 06 13 49 3.994 39.79563 -119.01433 0.288 0.406 4.5606e+16 0.07 0.21 0.53 13 2200938 
2014 158 06 07 17 31 46.461 39.79795 -119.00957 0.062 -0.043 9.6792e+15 0.03 0.22 0.60 09 2200939 
2014 161 06 10 14 56 6.713 39.79250 -119.01353 -0.019 -0.049 9.4881e+15 0.02 0.35 1.01 05 2200940 
2014 161 06 10 19 13 18.784 39.79425 -119.01158 -0.317 -0.018 1.0531e+16 0.00 0.25 0.82 05 2200941 
2014 164 06 13 20 05 4.621 39.78978 -119.01490 -0.478 -0.365 3.1838e+15 0.05 0.13 0.45 12 2200942 
2015 082 03 23 09 35 44.247 39.79192 -119.01162 -0.577 -0.852 5.9177e+14 0.05 0.13 0.52 08 2200953 
2015 082 03 23 09 36 1.368 39.79375 -119.01282 -0.093 -0.121 7.3776e+15 0.09 0.14 0.32 14 2200954 
2015 082 03 23 09 39 51.429 39.79205 -119.01313 -0.412 -0.788 7.3717e+14 0.04 0.14 0.42 09 2200955 
2015 082 03 23 09 41 9.462 39.79392 -119.01275 -0.149 -0.015 1.0669e+16 0.08 0.13 0.26 15 2200956 
2015 082 03 23 09 49 18.874 39.79253 -119.01267 -0.138 0.478 5.8510e+16 0.05 0.10 0.16 16 2200957 
2015 082 03 23 09 49 25.118 39.79167 -119.01307 -0.499 -0.112 7.6307e+15 0.05 0.11 0.59 07 2200958 
2015 082 03 23 09 59 0.026 39.79270 -119.01327 -0.494 -0.362 3.2110e+15 0.05 0.10 0.29 13 2200959 
2015 082 03 23 10 32 56.631 39.79258 -119.01293 -0.380 -0.507 1.9474e+15 0.09 0.17 0.28 14 2200961 
2015 082 03 23 10 34 9.983 39.79133 -119.01478 -0.194 0.018 1.1959e+16 0.06 0.22 0.45 11 2200962 
2015 082 03 23 10 37 22.805 39.79340 -119.01300 -0.234 -0.671 1.1038e+15 0.05 0.16 0.37 09 2200963 
2015 082 03 23 10 43 36.479 39.79038 -119.01473 -0.443 -0.325 3.6560e+15 0.03 0.12 0.31 12 2200964 
2015 082 03 23 10 45 13.679 39.79508 -119.01295 -0.011 -0.256 4.6294e+15 0.09 0.12 0.20 17 2200965 
2015 082 03 23 11 00 47.965 39.79352 -119.01215 -0.328 -0.046 9.5867e+15 0.07 0.11 0.29 15 2200966 
2015 082 03 23 11 04 18.221 39.79222 -119.01413 -0.456 -0.898 5.0427e+14 0.01 0.20 0.48 07 2200967 
2015 082 03 23 11 10 22.428 39.79450 -119.01265 0.155 0.456 5.4225e+16 0.08 0.15 0.23 16 2200968 
2015 082 03 23 11 19 27.472 39.79438 -119.01318 0.248 -0.559 1.6292e+15 0.03 0.23 0.40 11 2200969 
2015 082 03 23 11 23 10.850 39.79417 -119.01227 -0.382 -0.631 1.2677e+15 0.05 0.13 0.50 09 2200970 
2015 082 03 23 11 29 19.330 39.79218 -119.01203 -0.509 -0.777 7.6602e+14 0.09 0.15 0.41 09 2200971 
2015 082 03 23 11 29 24.845 39.79160 -119.01287 -0.530 -0.197 5.6752e+15 0.06 0.09 0.33 13 2200972 
2015 082 03 23 11 34 43.628 39.79403 -119.01320 -0.247 0.032 1.2535e+16 0.07 0.11 0.18 15 2200973 
2015 082 03 23 11 41 11.122 39.79262 -119.01285 -0.521 -0.888 5.2203e+14 0.03 0.19 0.41 07 2200974 
2015 082 03 23 11 41 58.170 39.79175 -119.01667 0.129 -0.454 2.3352e+15 0.04 0.23 0.33 09 2200975 
2015 082 03 23 11 49 8.983 39.79230 -119.01388 0.145 0.509 6.5181e+16 0.07 0.13 0.22 17 2200976 
2015 082 03 23 11 52 6.762 39.79530 -119.01362 0.243 -0.355 3.2957e+15 0.03 0.29 0.49 08 2200977 
2015 082 03 23 11 53 11.704 39.79152 -119.01542 -0.591 -1.076 2.7247e+14 0.04 0.17 0.62 06 2200978 
2015 082 03 23 12 01 28.456 39.79283 -119.01387 -0.512 -0.522 1.8462e+15 0.05 0.13 0.38 08 2200979 
2015 082 03 23 12 17 40.416 39.79198 -119.01382 -0.450 -0.801 7.0452e+14 0.04 0.11 0.29 11 2200980 
2015 082 03 23 12 56 16.968 39.79148 -119.01415 -0.596 -0.177 6.0951e+15 0.05 0.10 0.33 14 2200981 
2015 082 03 23 13 07 8.459 39.79393 -119.01340 -0.893 -0.570 1.5670e+15 0.05 0.11 0.61 07 2200982 
2015 082 03 23 13 16 27.832 39.79037 -119.01550 0.122 -0.506 1.9532e+15 0.05 0.18 0.27 12 2200983 
2015 082 03 23 13 22 48.544 39.79188 -119.01580 0.083 -0.581 1.5106e+15 0.05 0.17 0.25 13 2200984 
2015 082 03 23 14 04 56.595 39.79180 -119.01470 -0.741 -0.428 2.5548e+15 0.03 0.11 0.58 06 2200985 
2015 082 03 23 14 17 38.960 39.79252 -119.01322 -0.591 -0.595 1.4351e+15 0.04 0.11 0.41 09 2200986 
2015 082 03 23 14 24 27.914 39.80382 -119.01085 0.778 0.528 6.9594e+16 0.05 0.21 0.39 16 2200987 
2015 082 03 23 14 30 45.467 39.79445 -119.01272 -0.099 -0.321 3.7022e+15 0.03 0.16 0.42 10 2200988 
2015 082 03 23 15 24 5.129 39.79372 -119.01525 0.409 0.397 4.4260e+16 0.07 0.19 0.22 16 2200989 
2015 082 03 23 16 28 15.426 39.79313 -119.01228 -0.351 0.600 8.9216e+16 0.05 0.09 0.18 17 2200990 
2015 082 03 23 16 35 33.737 39.79433 -119.01257 -0.154 -0.537 1.7538e+15 0.03 0.17 0.42 09 2200991 
2015 082 03 23 17 04 38.404 39.79270 -119.01333 -0.552 -0.983 3.7682e+14 0.03 0.12 0.56 07 2200992 
2015 082 03 23 17 36 13.980 39.79268 -119.01398 0.462 0.616 9.4340e+16 0.05 0.18 0.30 14 2200993 
2015 082 03 23 17 52 28.794 39.79453 -119.01303 0.122 1.297 9.8974e+17 0.05 0.15 0.27 17 2200994 
2015 082 03 23 18 16 14.543 39.79308 -119.01492 -0.044 0.215 2.3544e+16 0.04 0.18 0.28 13 2200995 
2015 082 03 23 18 29 34.023 39.79372 -119.01542 0.006 0.297 3.1332e+16 0.05 0.15 0.26 16 2200996 
2015 082 03 23 18 34 56.871 39.79230 -119.01415 -0.075 0.270 2.8557e+16 0.04 0.17 0.41 12 2200997 
2015 082 03 23 19 21 48.516 39.79228 -119.01483 -0.115 0.007 1.1495e+16 0.05 0.14 0.33 13 2200998 
2015 082 03 23 19 29 35.784 39.79322 -119.01357 -0.114 0.037 1.2752e+16 0.04 0.15 0.36 11 2200999 
2015 082 03 23 19 36 11.705 39.79515 -119.01130 -0.222 0.332 3.5298e+16 0.06 0.13 0.44 13 2201000 
2015 082 03 23 19 36 14.968 39.79473 -119.01188 -0.389 0.221 2.4100e+16 0.06 0.13 0.40 08 2201001 
2015 082 03 23 19 41 38.438 39.79445 -119.01343 -0.481 0.037 1.2740e+16 0.01 0.17 0.47 06 2201002 
2015 082 03 23 20 23 35.530 39.79143 -119.01413 -0.641 -0.057 9.2028e+15 0.06 0.09 0.27 13 2201003 
2015 082 03 23 21 02 3.502 39.79420 -119.01308 -0.359 0.002 1.1284e+16 0.01 0.25 0.66 05 2201004 
2015 082 03 23 21 22 27.736 39.79188 -119.01467 0.034 -0.610 1.3629e+15 0.04 0.13 0.22 13 2201005 
2015 082 03 23 21 54 41.951 39.79118 -119.01458 0.065 0.324 3.4397e+16 0.05 0.14 0.17 17 2201006 
2015 082 03 23 22 09 26.911 39.79237 -119.01300 -0.410 -0.148 6.7376e+15 0.06 0.09 0.29 12 2201007 
2015 082 03 23 22 46 39.204 39.79190 -119.01330 -0.635 0.204 2.2713e+16 0.05 0.08 0.32 15 2201008 
2015 083 03 24 00 40 46.605 39.79315 -119.01285 -0.574 -0.233 5.0115e+15 0.04 0.09 0.41 10 2201009 
2015 083 03 24 01 15 6.908 39.79120 -119.01457 0.006 1.078 4.6402e+17 0.06 0.13 0.22 18 2201010 
2015 083 03 24 01 16 39.500 39.79028 -119.01572 0.241 0.962 3.1080e+17 0.06 0.15 0.22 17 2201011 
2015 083 03 24 01 52 52.221 39.79122 -119.01553 0.145 0.392 4.3382e+16 0.06 0.14 0.20 18 2201012 
2015 083 03 24 01 54 3.778 39.79102 -119.01515 -0.263 0.252 2.6754e+16 0.05 0.13 0.28 14 2201013 
2015 083 03 24 02 05 30.581 39.79098 -119.01367 -0.420 -0.063 9.0404e+15 0.06 0.10 0.29 14 2201014 
2015 083 03 24 03 58 5.334 39.79197 -119.01330 -0.332 -0.056 9.2438e+15 0.05 0.12 0.33 12 2201015 
2015 083 03 24 04 55 17.492 39.79192 -119.01478 0.390 0.049 1.3296e+16 0.02 0.24 0.35 11 2201016 
2015 083 03 24 04 59 27.984 39.79463 -119.01308 0.393 0.222 2.4181e+16 0.03 0.25 0.48 10 2201017 
2015 083 03 24 05 26 45.673 39.79540 -119.01352 0.487 0.530 6.9972e+16 0.04 0.21 0.24 16 2201018 
2015 083 03 24 05 55 19.523 39.79560 -119.01452 0.351 0.008 1.1543e+16 0.04 0.25 0.48 11 2201019 
2015 083 03 24 05 56 52.479 39.79625 -119.01465 0.681 0.751 1.5024e+17 0.03 0.22 0.33 17 2201020 
2015 083 03 24 06 14 21.275 39.79443 -119.01297 0.125 0.178 2.0732e+16 0.04 0.17 0.34 13 2201021 
2015 083 03 24 06 47 53.092 39.79578 -119.01565 0.730 1.354 1.2030e+18 0.05 0.24 0.31 17 2201023 
2015 083 03 24 06 48 4.502 39.79633 -119.01582 0.619 0.976 3.2633e+17 0.04 0.22 0.33 16 2201024 
2015 083 03 24 07 08 55.145 39.79377 -119.01245 -0.382 -0.734 8.8915e+14 0.03 0.15 0.53 07 2201025 
2015 083 03 24 07 42 3.908 39.79650 -119.01458 0.697 1.377 1.3045e+18 0.05 0.21 0.30 18 2201026 
2015 083 03 24 07 54 9.877 39.79243 -119.01415 0.042 -0.290 4.1154e+15 0.05 0.13 0.19 16 2201027 
2015 083 03 24 08 52 2.382 39.79197 -119.01352 -0.702 -0.571 1.5632e+15 0.07 0.07 0.30 14 2201028 
2015 083 03 24 08 53 11.000 39.79237 -119.01123 0.182 -0.545 1.7077e+15 0.05 0.18 0.30 11 2201029 
2015 083 03 24 09 23 13.299 39.79833 -119.01218 0.460 0.358 3.8628e+16 0.07 0.24 0.28 15 2201030 
2015 083 03 24 10 54 36.812 39.79093 -119.01320 -0.406 -0.266 4.4790e+15 0.02 0.15 0.34 09 2201031 
2015 083 03 24 11 11 43.023 39.79587 -119.01422 -0.048 0.004 1.1388e+16 0.03 0.42 0.90 05 2201032 
2015 083 03 24 14 34 7.446 39.79260 -119.01353 -0.450 -0.265 4.4890e+15 0.04 0.14 0.44 08 2201033 
2015 083 03 24 14 37 47.440 39.79268 -119.01250 -0.598 -0.240 4.9029e+15 0.02 0.16 0.60 06 2201034 
2015 083 03 24 14 41 3.365 39.80312 -119.00915 0.592 0.910 2.6038e+17 0.06 0.21 0.44 15 2201035 
2015 083 03 24 17 02 51.853 39.79518 -119.01122 0.069 1.380 1.3200e+18 0.06 0.15 0.21 17 2201036 
2015 083 03 24 17 29 51.996 39.79468 -119.01185 -0.015 0.063 1.3965e+16 0.03 0.19 0.34 09 2201037 
2015 083 03 24 17 40 4.693 39.79452 -119.01195 -0.131 0.128 1.7438e+16 0.03 0.17 0.40 11 2201038 
2015 083 03 24 17 50 32.672 39.79340 -119.01415 -0.126 -0.086 8.3244e+15 0.02 0.19 0.65 08 2201039 
2015 083 03 24 18 20 38.491 39.79768 -119.01257 0.315 0.245 2.6121e+16 0.02 0.26 0.53 09 2201040 
2015 083 03 24 18 35 7.338 39.79432 -119.01463 0.289 1.291 9.6797e+17 0.05 0.17 0.28 17 2201041 
2015 083 03 24 19 06 47.518 39.79358 -119.01503 0.259 0.756 1.5298e+17 0.04 0.20 0.24 15 2201042 
2015 086 03 27 07 54 31.602 39.80413 -119.00548 0.392 0.242 2.5845e+16 0.02 0.31 0.90 07 2201044 
2015 189 07 08 16 08 22.814 39.79507 -119.01665 0.031 0.111 1.6465e+16 0.06 0.17 0.44 10 2201045 
2015 189 07 08 16 17 25.378 39.79382 -119.01675 -0.162 0.527 6.9274e+16 0.07 0.12 0.18 15 2201046 
2016 009 01 09 23 49 10.766 39.78883 -119.01855 -0.471 0.256 2.7129e+16 0.07 0.22 1.26 08 160109234910 
2016 024 01 24 12 55 50.400 39.78215 -119.02815 -1.000 -0.317 3.7507e+15 0.07 0.18 0.93 08 160124125550 
2016 026 01 26 14 35 56.559 39.77742 -119.02753 -0.114 -0.041 9.7431e+15 0.02 0.39 1.44 06 160126143556 
2016 060 02 29 16 17 12.918 39.77817 -119.03980 1.103 0.666 1.1197e+17 0.19 0.42 1.26 08 160229161712 
2016 074 03 14 06 47 46.459 39.79377 -119.01800 -0.106 -0.167 6.2984e+15 0.04 0.13 0.44 10 2201048 
2016 074 03 14 08 36 26.614 39.79442 -119.02162 -0.426 -0.483 2.1133e+15 0.06 0.16 0.58 08 2201049 
2016 074 03 14 08 39 5.237 39.79350 -119.01717 -0.106 0.074 1.4506e+16 0.06 0.14 0.42 11 2201050 
2016 074 03 14 12 11 34.920 39.79328 -119.01897 -0.119 0.045 1.3120e+16 0.06 0.14 0.53 10 2201051 
2016 076 03 16 22 03 10.246 39.79222 -119.01427 -0.424 -0.295 4.0506e+15 0.06 0.17 0.36 10 2201052 
2016 308 11 03 03 25 3.479 39.79407 -119.02750 -0.419 1.077 4.6357e+17 0.18 0.26 0.37 11 161103032503 
2016 352 12 17 12 24 54.382 39.80213 -119.02907 0.986 1.601 2.8268e+18 0.06 0.56 0.94 08 161217122454 
2017 132 05 12 07 53 21.201 39.78218 -119.02838 0.000 -0.225 5.1587e+15 0.51 0.59 1.42 06 170512075321 
2017 144 05 24 09 13 27.439 39.79035 -119.01037 0.000 -0.453 2.3463e+15 0.38 0.27 0.40 10 170524091327 
2017 159 06 08 18 48 43.838 39.78920 -119.01930 0.000 0.310 3.2740e+16 0.09 0.23 0.48 08 170608184843 
2017 178 06 27 09 02 21.363 39.79058 -119.03358 0.000 0.339 3.6217e+16 0.22 0.17 0.58 12 170627090221 
2018 030 01 30 00 20 36.298 39.77918 -119.00435 0.000 0.199 2.2297e+16 0.35 0.48 0.61 06 180130002036 
2018 041 02 10 08 22 46.546 39.79158 -119.01232 0.000 -0.128 7.2162e+15 0.25 0.29 0.43 05 180210082246 
2018 125 05 05 19 07 14.054 39.77622 -119.03213 0.628 1.057 4.3256e+17 0.15 0.22 0.88 10 180505190714 
2018 201 07 20 22 51 6.155 39.79787 -119.02933 0.141 0.743 1.4613e+17 0.19 0.39 1.02 05 180720225106 
2018 207 07 26 07 22 43.727 39.78475 -119.01557 0.000 0.644 1.0363e+17 0.14 0.29 0.48 06 180726072243 
2018 209 07 28 18 36 31.581 39.78833 -119.03403 0.570 0.564 7.8805e+16 0.20 0.29 0.84 05 180728183631 
2018 210 07 29 22 22 15.281 39.79438 -119.03550 0.000 0.107 1.6249e+16 0.13 0.23 1.18 08 180729222215 
2018 224 08 12 05 37 15.080 39.78548 -119.00890 0.000 0.191 2.1723e+16 0.47 0.32 0.58 06 180812053715 
2018 237 08 25 12 31 3.789 39.78672 -119.03295 0.000 0.203 2.2657e+16 0.60 0.21 0.39 05 180825123103 
2018 242 08 30 22 08 26.892 39.77643 -119.03215 0.602 1.040 4.0739e+17 0.18 0.23 1.23 05 180830220826 
2018 255 09 12 00 26 25.978 39.77648 -119.02922 0.312 1.078 4.6434e+17 0.09 0.17 0.61 10 180912002625 
2018 276 10 03 15 49 59.908 39.78335 -119.02822 0.000 0.360 3.8900e+16 0.17 0.19 0.60 06 181003154959 
2018 290 10 17 18 13 7.726 39.78005 -119.02985 0.026 0.064 1.3987e+16 0.28 0.23 0.67 08 181017181307 
2018 309 11 05 07 16 1.445 39.78623 -119.02925 0.299 0.827 1.9502e+17 0.33 0.27 0.92 06 181105071601 
2018 309 11 05 15 35 35.593 39.77572 -119.02615 0.394 1.331 1.1145e+18 0.09 0.17 0.55 08 181105153535 
2018 315 11 11 04 04 30.183 39.77257 -119.02477 0.000 -0.087 8.3189e+15 0.28 0.35 0.80 07 181111040430 
2018 327 11 23 11 08 59.087 39.78950 -119.03967 0.000 0.210 2.3193e+16 0.75 0.25 0.84 05 181123110859 
2018 337 12 03 07 55 50.066 39.78412 -119.02898 0.000 0.209 2.3121e+16 0.25 0.17 0.49 07 181203075550 
2018 337 12 03 11 53 5.058 39.79035 -119.03297 0.654 0.852 2.1287e+17 0.24 0.25 0.55 06 181203115305