2012 303 10 29 08 02 21.363 43.72757 -121.30903 0.634 0.384 4.2248e+16 0.04 0.24 0.42 16 121029080221 
2012 305 10 31 02 13 5.359 43.72702 -121.30970 1.005 0.540 7.2486e+16 0.05 0.26 0.42 16 121031021305 
2012 305 10 31 03 58 1.335 43.72648 -121.30783 1.091 0.430 4.9513e+16 0.05 0.30 0.46 14 121031035801 
2012 305 10 31 17 31 25.415 43.72662 -121.30878 1.227 0.706 1.2841e+17 0.05 0.26 0.39 18 121031173125 
2012 306 11 01 11 07 8.782 43.72815 -121.31502 -1.500 0.249 2.6526e+16 0.10 0.10 1.50 14 121101110708 
2012 306 11 01 11 07 35.613 43.72803 -121.31167 -0.476 0.264 2.7882e+16 0.09 0.12 0.61 12 121101110735 
2012 306 11 01 13 38 27.086 43.72818 -121.31587 -0.511 0.123 1.7143e+16 0.07 0.16 0.43 14 121101133827 
2012 306 11 01 20 48 36.392 43.72568 -121.30995 1.016 0.692 1.2253e+17 0.05 0.25 0.40 18 121101204836 
2012 306 11 01 23 54 20.232 43.72777 -121.30885 -0.099 0.179 2.0853e+16 0.08 0.21 0.61 12 121101235420 
2012 307 11 02 08 51 16.018 43.72547 -121.31060 0.137 0.622 9.6037e+16 0.11 0.18 0.36 19 121102085116 
2012 307 11 02 10 22 4.215 43.72928 -121.31482 -0.982 0.443 5.1761e+16 0.08 0.11 0.43 16 121102102204 
2012 307 11 02 11 37 38.417 43.72778 -121.31703 -1.500 0.110 1.6422e+16 0.11 0.11 1.40 16 121102113738 
2012 307 11 02 12 19 11.468 43.72895 -121.31737 -1.500 0.186 2.1304e+16 0.12 0.10 1.72 15 121102121911 
2012 308 11 03 03 34 15.097 43.73152 -121.31008 -0.714 -0.045 9.5899e+15 0.09 0.16 0.27 14 121103033415 
2012 308 11 03 11 44 37.511 43.72692 -121.31825 -1.165 0.925 2.7409e+17 0.14 0.09 0.26 23 121103114437 
2012 309 11 04 01 57 22.055 43.72675 -121.31768 -1.500 0.149 1.8785e+16 0.10 0.10 3.50 14 121104015722 
2012 309 11 04 19 03 10.044 43.73130 -121.31327 -0.726 0.025 1.2245e+16 0.11 0.13 0.31 15 121104190310 
2012 314 11 09 10 30 33.325 43.72267 -121.32240 -1.500 0.108 1.6285e+16 0.19 0.09 2.65 18 121109103033 
2012 315 11 10 18 25 56.217 43.72610 -121.31375 -1.074 0.753 1.5142e+17 0.14 0.09 0.23 24 121110182556 
2012 315 11 10 18 39 10.045 43.72777 -121.31188 -0.735 -0.085 8.3785e+15 0.09 0.13 0.39 14 121110183910 
2012 316 11 11 04 13 18.773 43.72553 -121.30982 -0.588 0.119 1.6927e+16 0.17 0.15 0.50 16 121111041318 
2012 316 11 11 04 17 36.689 43.72693 -121.31567 -1.500 0.108 1.6298e+16 0.09 0.10 0.99 17 121111041736 
2012 317 11 12 20 02 17.276 43.71832 -121.31417 0.002 0.759 1.5415e+17 0.10 0.20 0.31 18 121112200217 
2012 318 11 13 16 50 35.015 43.72225 -121.31472 -0.389 0.850 2.1123e+17 0.11 0.14 0.41 18 121113165035 
2012 318 11 13 21 16 31.371 43.72653 -121.30845 -1.149 -0.027 1.0236e+16 0.14 0.10 0.39 16 121113211631 
2012 319 11 14 04 27 55.818 43.72543 -121.31392 -1.500 0.079 1.4746e+16 0.11 0.10 1.12 17 121114042755 
2012 319 11 14 07 37 2.057 43.73065 -121.30907 -0.922 -0.091 8.2052e+15 0.06 0.13 0.34 13 121114073702 
2012 320 11 15 22 23 27.669 43.73010 -121.31080 -1.102 0.207 2.2964e+16 0.13 0.11 0.28 14 121115222327 
2012 321 11 16 07 26 17.583 43.72112 -121.32293 0.002 0.645 1.0416e+17 0.12 0.18 0.34 18 121116072617 
2012 321 11 16 21 25 50.623 43.72468 -121.30878 0.332 0.546 7.3934e+16 0.12 0.28 0.45 12 121116212550 
2012 322 11 17 00 18 25.558 43.72612 -121.31303 0.109 0.423 4.8301e+16 0.15 0.17 0.31 19 121117001825 
2012 322 11 17 07 04 56.055 43.72372 -121.31722 -0.900 0.852 2.1280e+17 0.12 0.10 0.33 21 121117070456 
2012 322 11 17 20 46 18.105 43.72835 -121.31430 0.493 0.911 2.6103e+17 0.13 0.31 0.49 13 121117204618 
2012 323 11 18 13 04 26.645 43.72473 -121.31472 -1.500 0.218 2.3829e+16 0.11 0.10 1.43 15 121118130426 
2012 324 11 19 01 12 2.615 43.72442 -121.31282 -0.038 0.527 6.9295e+16 0.09 0.23 0.42 13 121119011202 
2012 325 11 20 03 39 6.995 43.72677 -121.31278 0.046 0.460 5.5017e+16 0.12 0.15 0.49 13 121120033906 
2012 325 11 20 08 12 40.129 43.72667 -121.31398 -1.100 -0.009 1.0879e+16 0.09 0.10 0.47 14 121120081240 
2012 331 11 26 13 06 3.494 43.73352 -121.31515 -1.500 -0.116 7.5197e+15 0.41 0.12 2.07 16 121126130602 
2012 331 11 26 14 43 2.433 43.72593 -121.31283 -1.481 -0.110 7.6692e+15 0.08 0.09 0.95 15 121126144302 
2012 332 11 27 11 35 6.753 43.73458 -121.32647 -1.500 0.162 1.9636e+16 0.15 0.10 1.83 16 121127113506 
2012 334 11 29 20 29 23.713 43.71933 -121.31487 -0.216 1.112 5.2278e+17 0.13 0.15 0.34 20 121129202923 
2012 334 11 29 20 31 23.741 43.72627 -121.32057 -1.283 -5.000 0.0000e+00 0.08 0.10 0.36 13 121129203123 
2012 335 11 30 13 38 37.529 43.73122 -121.31343 -0.500 0.441 5.1468e+16 0.10 0.15 0.53 14 121130133837 
2012 335 11 30 17 08 56.861 43.72745 -121.32242 -1.500 0.286 3.0172e+16 0.12 0.09 2.55 16 121130170856 
2012 335 11 30 17 26 51.612 43.73037 -121.31540 -1.500 0.168 2.0016e+16 0.11 0.09 2.14 14 121130172651 
2012 335 11 30 20 07 15.074 43.72647 -121.32118 -1.500 0.233 2.5062e+16 0.12 0.09 2.38 16 121130200715 
2012 336 12 01 00 42 50.249 43.72992 -121.31677 -1.500 0.314 3.3239e+16 0.10 0.11 0.99 16 121201004250 
2012 336 12 01 07 20 25.437 43.72710 -121.30472 -0.729 0.401 4.4758e+16 0.06 0.18 0.39 11 121201072025 
2012 336 12 01 21 20 48.491 43.72443 -121.31617 -1.067 0.525 6.8775e+16 0.10 0.10 0.45 17 121201212048 
2012 336 12 01 21 56 56.053 43.72770 -121.32313 -1.500 0.495 6.2096e+16 0.18 0.09 1.60 18 121201215655 
2012 336 12 01 22 40 19.723 43.72717 -121.32183 -1.500 0.821 1.9150e+17 0.10 0.09 1.83 18 121201224019 
2012 336 12 01 22 45 22.299 43.72587 -121.32183 -1.500 1.255 8.5600e+17 0.14 0.10 0.28 25 121201224522 
2012 336 12 01 23 23 46.290 43.72930 -121.31895 -0.082 0.420 4.7880e+16 0.11 0.19 0.43 12 121201232346 
2012 337 12 02 00 07 44.205 43.72730 -121.31450 -1.500 0.483 5.9551e+16 0.10 0.09 0.65 18 121202000744 
2012 337 12 02 01 58 48.224 43.72510 -121.31193 0.584 0.381 4.1861e+16 0.11 0.22 0.47 15 121202015848 
2012 337 12 02 04 18 1.855 43.73000 -121.31102 -1.258 0.176 2.0641e+16 0.11 0.13 0.89 11 121202041801 
2012 337 12 02 04 24 39.974 43.72597 -121.31120 0.898 0.589 8.5882e+16 0.04 0.25 0.42 16 121202042439 
2012 337 12 02 14 04 22.399 43.72020 -121.32162 -1.500 0.267 2.8168e+16 0.17 0.10 2.93 16 121202140422 
2012 337 12 02 18 33 36.014 43.72220 -121.30745 -1.500 0.100 1.5848e+16 0.08 0.22 2.99 09 121202183335 
2012 338 12 03 03 13 41.121 43.72723 -121.30928 0.843 0.542 7.2854e+16 0.03 0.26 0.44 15 121203031341 
2012 338 12 03 03 53 51.153 43.72097 -121.31907 -1.500 0.530 7.0094e+16 0.10 0.11 1.01 16 121203035351 
2012 338 12 03 04 19 0.483 43.72823 -121.32002 -1.376 0.494 6.1774e+16 0.09 0.09 1.66 18 121203041900 
2012 338 12 03 08 17 57.599 43.72647 -121.31488 -0.723 1.033 3.9702e+17 0.13 0.13 0.40 19 121203081757 
2012 338 12 03 11 48 36.423 43.72548 -121.32303 -1.500 0.162 1.9607e+16 0.09 0.11 3.23 13 121203114836 
2012 338 12 03 13 50 52.213 43.72198 -121.32250 -1.500 0.091 1.5369e+16 0.15 0.10 2.50 16 121203135052 
2012 338 12 03 14 59 59.031 43.72768 -121.31052 0.959 0.455 5.3997e+16 0.04 0.24 0.42 16 121203145959 
2012 338 12 03 16 52 18.813 43.72288 -121.31535 -0.772 0.106 1.6177e+16 0.07 0.14 0.40 12 121203165218 
2012 338 12 03 21 15 49.464 43.72660 -121.31912 -1.500 0.295 3.1121e+16 0.09 0.09 2.17 17 121203211549 
2012 339 12 04 07 50 46.140 43.72925 -121.31868 -0.128 0.910 2.6046e+17 0.14 0.17 0.38 16 121204075046 
2012 339 12 04 08 37 12.275 43.72058 -121.32198 -1.500 0.380 4.1687e+16 0.14 0.10 2.76 16 121204083712 
2012 340 12 05 19 06 34.511 43.72412 -121.31657 -0.134 0.893 2.4508e+17 0.08 0.26 0.61 12 121205190634 
2012 341 12 06 10 26 42.927 43.72705 -121.31195 0.779 0.219 2.3909e+16 0.03 0.24 0.44 15 121206102642 
2012 341 12 06 10 39 52.559 43.72642 -121.31193 0.610 0.200 2.2352e+16 0.04 0.21 0.40 16 121206103952 
2012 341 12 06 15 27 30.327 43.72493 -121.31657 -1.500 0.008 1.1547e+16 0.14 0.11 1.78 14 121206152730 
2012 341 12 06 17 18 46.894 43.72048 -121.31217 0.268 0.519 6.7469e+16 0.11 0.24 0.39 16 121206171846 
2012 341 12 06 17 23 45.232 43.72227 -121.31065 -0.436 0.350 3.7528e+16 0.11 0.17 0.38 16 121206172345 
2012 341 12 06 22 55 33.411 43.72962 -121.32243 -1.500 0.115 1.6695e+16 0.14 0.11 3.09 14 121206225533 
2012 342 12 07 01 28 51.413 43.73273 -121.31060 -1.037 0.150 1.8860e+16 0.10 0.12 0.28 16 121207012851 
2012 342 12 07 04 22 57.448 43.73353 -121.30832 -0.254 0.255 2.7092e+16 0.13 0.16 0.49 15 121207042257 
2012 342 12 07 09 34 38.682 43.72243 -121.32332 -1.500 0.345 3.6974e+16 0.18 0.10 1.72 17 121207093438 
2012 342 12 07 16 25 15.880 43.72103 -121.32433 -0.582 2.055 1.3562e+19 0.20 0.13 0.19 23 121207162515 
2012 342 12 07 16 41 58.313 43.72255 -121.32302 -1.500 1.116 5.3012e+17 0.15 0.09 0.31 21 121207164158 
2012 342 12 07 17 56 49.428 43.72188 -121.32268 -1.500 0.212 2.3310e+16 0.24 0.09 1.84 15 121207175649 
2012 342 12 07 18 12 6.148 43.72100 -121.32397 -1.500 0.183 2.1075e+16 0.19 0.09 2.68 15 121207181206 
2012 342 12 07 18 12 46.262 43.72188 -121.32210 -1.500 0.219 2.3881e+16 0.19 0.09 2.90 15 121207181245 
2012 342 12 07 18 15 9.606 43.72427 -121.31458 -0.077 1.133 5.6080e+17 0.07 0.21 0.44 14 121207181509 
2012 342 12 07 22 55 26.560 43.72832 -121.31945 -1.500 0.368 4.0020e+16 0.18 0.10 2.27 14 121207225525 
2012 342 12 07 23 55 2.540 43.72082 -121.31747 -1.500 0.191 2.1709e+16 0.10 0.11 2.44 12 121207235502 
2012 343 12 08 03 34 47.104 43.72363 -121.31618 -1.500 0.077 1.4651e+16 0.10 0.11 3.08 12 121208033447 
2012 343 12 08 03 41 53.813 43.72197 -121.30830 0.204 0.685 1.1952e+17 0.15 0.22 0.43 14 121208034153 
2012 343 12 08 18 20 36.083 43.73067 -121.30415 -1.248 -0.094 8.1212e+15 0.14 0.17 0.57 12 121208182036 
2012 343 12 08 23 46 58.124 43.72582 -121.31458 -1.500 0.037 1.2740e+16 0.17 0.10 1.35 15 121208234657 
2012 344 12 09 02 38 52.212 43.72578 -121.31303 -0.789 0.062 1.3885e+16 0.12 0.11 0.32 19 121209023852 
2012 344 12 09 08 07 6.513 43.72522 -121.31140 -0.438 0.143 1.8379e+16 0.13 0.15 0.43 17 121209080706 
2012 344 12 09 13 42 39.915 43.73183 -121.31708 -1.500 1.023 3.8355e+17 0.09 0.10 0.28 21 121209134239 
2012 344 12 09 13 43 10.404 43.73103 -121.31738 -1.500 0.668 1.1282e+17 0.08 0.11 1.29 16 121209134310 
2012 344 12 09 16 15 18.643 43.72075 -121.31723 -1.500 1.284 9.4471e+17 0.12 0.09 0.41 22 121209161518 
2012 344 12 09 22 19 38.775 43.72298 -121.32313 -0.469 0.818 1.8925e+17 0.15 0.11 0.38 18 121209221938 
2012 344 12 09 22 29 16.140 43.71768 -121.32212 -1.295 0.278 2.9316e+16 0.12 0.17 2.13 14 121209222915 
2012 345 12 10 11 14 37.618 43.72267 -121.31843 -1.500 0.737 1.4310e+17 0.13 0.08 0.99 22 121210111437 
2012 345 12 10 23 44 16.357 43.71962 -121.32225 -0.848 0.862 2.2015e+17 0.07 0.17 0.42 13 121210234416 
2012 346 12 11 02 57 4.668 43.73082 -121.31563 -0.391 0.769 1.5979e+17 0.11 0.13 0.28 22 121211025704 
2012 347 12 12 05 08 56.277 43.72190 -121.31955 -1.500 0.359 3.8757e+16 0.16 0.11 1.28 15 121212050855 
2012 347 12 12 06 45 15.974 43.72093 -121.32207 -0.411 0.909 2.5919e+17 0.25 0.14 0.34 19 121212064515 
2012 347 12 12 21 53 56.632 43.73302 -121.31137 -1.079 0.829 1.9660e+17 0.12 0.11 0.23 19 121212215356 
2012 348 12 13 02 51 19.021 43.72090 -121.31477 -0.179 0.153 1.9027e+16 0.15 0.19 0.40 12 121213025119 
2012 350 12 15 00 44 4.571 43.72663 -121.31803 -1.500 -0.036 9.9207e+15 0.09 0.12 5.41 10 121215004404 
2012 350 12 15 22 59 0.107 43.72677 -121.31583 -0.140 1.029 3.9248e+17 0.04 0.29 0.52 11 121215225900 
2012 352 12 17 11 37 43.801 43.75405 -121.25590 5.075 1.785 5.3367e+18 0.47 0.90 1.67 12 121217113744 
2012 352 12 17 21 55 31.220 43.72958 -121.31777 -0.263 0.910 2.5963e+17 0.04 0.22 0.64 13 121217215531 
2012 353 12 18 04 47 1.504 43.76137 -121.35593 0.551 1.174 6.4605e+17 0.15 0.88 10.73 07 121218044701 
2012 353 12 18 23 00 8.454 43.73400 -121.31552 -1.289 0.946 2.9491e+17 0.16 0.11 0.62 17 121218230008 
2012 354 12 19 11 32 28.202 43.73173 -121.31522 0.336 0.976 3.2666e+17 0.13 0.23 0.60 15 121219113228 
2012 354 12 19 11 32 38.013 43.73227 -121.31503 -0.657 0.820 1.9049e+17 0.05 0.16 0.53 14 121219113238 
2012 354 12 19 11 35 44.924 43.73097 -121.31727 0.565 0.943 2.9150e+17 0.13 0.32 0.78 11 121219113544 
2012 354 12 19 14 41 51.791 43.73188 -121.31510 -0.673 1.937 9.0206e+18 0.08 0.12 0.25 21 121219144151 
2012 354 12 19 14 44 46.835 43.73323 -121.31450 -0.552 0.785 1.6883e+17 0.11 0.18 0.58 12 121219144446 
2012 354 12 19 14 50 23.684 43.73183 -121.31625 -0.626 1.584 2.6668e+18 0.07 0.14 0.27 20 121219145023 
2012 354 12 19 14 59 48.859 43.74850 -121.30652 2.940 1.125 5.4565e+17 0.26 0.45 0.56 15 121219145948 
2012 354 12 19 17 20 54.775 43.73200 -121.31550 -0.561 1.024 3.8507e+17 0.05 0.18 0.49 15 121219172054 
2012 354 12 19 17 49 53.417 43.73100 -121.31798 -0.574 2.065 1.4042e+19 0.12 0.14 0.27 22 121219174953 
2012 354 12 19 22 29 10.378 43.72992 -121.31623 -0.584 1.218 7.5306e+17 0.07 0.15 0.46 18 121219222910 
2012 355 12 20 09 27 39.702 43.72948 -121.31775 -0.960 1.014 3.7230e+17 0.06 0.14 0.50 14 121220092739 
2012 356 12 21 15 19 18.061 43.70337 -121.26563 -0.819 2.097 1.5699e+19 0.42 0.47 4.33 16 121221151918 
2012 356 12 21 22 20 42.817 43.72768 -121.31210 -0.661 0.492 6.1478e+16 0.01 0.26 0.66 09 121221222042 
2012 356 12 21 22 20 51.396 43.72740 -121.31183 -0.791 0.463 5.5471e+16 0.02 0.26 0.69 09 121221222051 
2012 357 12 22 00 10 30.034 43.73230 -121.31600 -0.735 0.881 2.3496e+17 0.05 0.15 0.55 15 121222001030 
2012 357 12 22 11 03 13.285 43.70722 -121.32352 4.370 1.391 1.3706e+18 0.24 0.81 1.33 12 121222110313 
2012 357 12 22 16 52 24.484 43.72262 -121.32732 -1.500 0.942 2.9073e+17 0.09 0.18 1.64 10 121222165224 
2012 357 12 22 21 06 11.080 43.72810 -121.32137 -0.913 0.589 8.5680e+16 0.04 0.16 0.61 11 121222210611 
2012 359 12 24 00 33 57.649 43.72392 -121.31698 -0.734 0.768 1.5926e+17 0.02 0.23 0.63 10 121224003357 
2012 359 12 24 12 47 49.599 43.72945 -121.31373 -0.683 0.488 6.0498e+16 0.02 0.23 0.72 09 121224124749 
2012 360 12 25 08 59 7.918 43.72770 -121.31883 -0.242 0.970 3.2017e+17 0.03 0.28 0.86 10 121225085907 
2012 361 12 26 14 39 21.051 43.72472 -121.32628 -0.360 0.494 6.1881e+16 0.14 0.37 1.44 08 121226143921 
2012 362 12 27 07 37 55.498 43.72243 -121.32472 -0.447 1.272 9.0921e+17 0.34 0.29 0.47 16 121227073755 
2012 363 12 28 18 08 9.111 43.72912 -121.31807 -0.160 0.319 3.3816e+16 0.11 0.33 1.03 08 121228180809 
2012 363 12 28 22 01 42.915 43.72048 -121.31033 -0.802 0.844 2.0703e+17 0.06 0.24 0.59 10 121228220142 
2012 363 12 28 22 04 27.485 43.72315 -121.30935 -0.615 0.366 3.9733e+16 0.01 0.54 1.86 05 121228220427 
2012 366 12 31 00 24 24.476 43.72607 -121.32407 -0.236 0.882 2.3583e+17 0.10 0.12 0.98 15 121231002424 
2012 366 12 31 20 56 4.624 43.72257 -121.33633 1.193 0.756 1.5262e+17 0.14 0.78 2.22 08 121231205604 
2013 049 02 18 16 59 56.186 43.72802 -121.32475 -0.896 1.136 5.6843e+17 0.07 0.13 0.33 20 130218165956 
2013 076 03 17 07 31 46.772 43.72982 -121.31488 -1.500 0.444 5.1970e+16 0.05 0.36 6.69 06 130317073146 
2013 077 03 18 11 14 51.690 43.72560 -121.30762 -0.281 0.455 5.4057e+16 0.04 0.45 1.09 06 130318111451 
2013 078 03 19 08 23 31.551 43.75832 -121.31245 3.000 0.979 3.3050e+17 0.72 2.45 49.33 04 130319082331 
2013 089 03 30 19 40 3.658 43.72800 -121.32355 -1.449 0.218 2.3798e+16 0.06 0.22 2.31 06 130330194003 
2013 102 04 12 09 28 23.987 43.71558 -121.22150 1.015 1.473 1.8182e+18 0.03 0.93 7.43 10 130412092823 
2013 123 05 03 11 25 6.923 43.73072 -121.24523 -0.114 1.834 6.3328e+18 0.06 0.28 0.55 22 130503112506 
2013 123 05 03 16 47 0.189 43.67055 -121.37887 3.802 2.291 3.0684e+19 0.03 1.38 16.19 07 130503164700 
2013 163 06 12 14 03 49.664 43.74192 -121.34793 -0.380 0.857 2.1652e+17 0.04 0.74 2.06 05 130612140349 
2013 179 06 28 08 35 1.950 43.72392 -121.31838 -1.331 -0.090 8.2117e+15 0.09 0.16 1.29 09 130628083501 
2014 271 09 28 18 26 41.947 43.72460 -121.30808 1.057 0.024 1.2191e+16 0.03 0.44 0.50 11 140928182641 
2014 272 09 29 01 11 0.001 43.72440 -121.30837 1.215 0.063 1.3957e+16 0.01 0.43 0.74 10 140929011100 
2014 272 09 29 09 57 54.186 43.71960 -121.31565 1.883 0.755 1.5238e+17 0.13 0.37 0.54 16 140929095754 
2014 272 09 29 12 12 31.844 43.72417 -121.30795 1.465 0.174 2.0485e+16 0.03 0.52 0.71 09 140929121231 
2014 272 09 29 18 03 37.743 43.72497 -121.31072 1.328 0.659 1.0923e+17 0.04 0.35 0.44 15 140929180337 
2014 272 09 29 23 21 35.332 43.72750 -121.30963 1.223 0.105 1.6104e+16 0.01 0.48 0.74 09 140929232135 
2014 273 09 30 05 45 4.618 43.72615 -121.30927 1.140 -0.021 1.0438e+16 0.01 0.42 0.64 10 140930054504 
2014 273 09 30 06 45 0.899 43.72458 -121.30737 1.138 0.487 6.0340e+16 0.01 0.41 0.70 10 140930064500 
2014 273 09 30 09 23 48.800 43.72615 -121.31062 1.194 0.821 1.9150e+17 0.03 0.27 0.46 17 140930092348 
2014 273 09 30 15 35 52.524 43.72548 -121.30932 0.912 0.245 2.6185e+16 0.02 0.40 0.51 11 140930153552 
2014 273 09 30 19 29 44.818 43.72578 -121.30833 1.046 0.181 2.0999e+16 0.01 0.43 0.60 10 140930192944 
2014 273 09 30 20 13 48.176 43.72515 -121.30918 0.655 0.282 2.9682e+16 0.01 0.44 0.72 09 140930201348 
2014 273 09 30 21 09 48.909 43.73535 -121.31987 0.120 -0.143 6.8507e+15 0.04 0.38 1.01 07 140930210949 
2014 273 09 30 21 30 43.570 43.72665 -121.31235 1.308 0.998 3.5235e+17 0.07 0.35 0.42 15 140930213043 
2014 273 09 30 21 36 36.420 43.72458 -121.30890 0.916 0.332 3.5285e+16 0.03 0.37 0.56 11 140930213636 
2014 273 09 30 22 12 13.750 43.72630 -121.30913 0.915 0.170 2.0200e+16 0.02 0.62 1.56 06 140930221213 
2014 273 09 30 22 20 17.392 43.72543 -121.30977 0.664 0.222 2.4148e+16 0.01 0.45 0.66 08 140930222017 
2014 273 09 30 23 01 25.103 43.72750 -121.30958 1.334 0.088 1.5181e+16 0.01 0.55 0.83 08 140930230125 
2014 273 09 30 23 55 21.753 43.72602 -121.31147 1.303 0.481 5.9182e+16 0.03 0.28 0.43 17 140930235521 
2014 274 10 01 00 18 27.880 43.72512 -121.30813 0.840 0.135 1.7861e+16 0.02 0.39 0.51 11 141001001827 
2014 274 10 01 01 03 14.646 43.72527 -121.31167 0.612 0.977 3.2749e+17 0.03 0.32 0.42 13 141001010314 
2014 274 10 01 02 43 59.037 43.72420 -121.30923 1.273 -0.005 1.1016e+16 0.02 0.34 0.46 14 141001024359 
2014 274 10 01 04 49 51.368 43.72880 -121.31025 0.859 0.011 1.1657e+16 0.05 0.29 0.44 14 141001044951 
2014 274 10 01 05 22 3.058 43.72568 -121.31052 0.873 0.028 1.2371e+16 0.02 0.37 0.54 11 141001052203 
2014 274 10 01 05 25 38.347 43.72595 -121.30722 0.791 0.210 2.3185e+16 0.05 0.38 0.48 11 141001052538 
2014 274 10 01 05 26 23.692 43.72748 -121.31112 0.482 -0.186 5.8957e+15 0.04 0.35 0.58 10 141001052623 
2014 274 10 01 05 33 34.316 43.72587 -121.31050 0.808 0.058 1.3690e+16 0.02 0.36 0.48 12 141001053334 
2014 274 10 01 05 34 12.320 43.72677 -121.30937 0.795 0.094 1.5550e+16 0.02 0.41 0.61 09 141001053412 
2014 274 10 01 05 37 13.400 43.72685 -121.30892 0.697 0.074 1.4467e+16 0.02 0.29 0.48 14 141001053713 
2014 274 10 01 05 41 55.038 43.72628 -121.30937 0.754 0.250 2.6617e+16 0.01 0.38 0.55 10 141001054155 
2014 274 10 01 05 58 29.409 43.72593 -121.30902 1.117 0.019 1.1998e+16 0.01 0.44 0.88 08 141001055829 
2014 274 10 01 06 02 30.792 43.72768 -121.31043 0.660 0.474 5.7588e+16 0.03 0.48 0.74 07 141001060231 
2014 274 10 01 06 59 0.852 43.72528 -121.30805 1.048 0.125 1.7252e+16 0.01 0.51 0.84 08 141001065901 
2014 274 10 01 08 01 31.651 43.72585 -121.31090 0.806 -0.042 9.7075e+15 0.03 0.40 0.51 10 141001080131 
2014 274 10 01 08 08 58.156 43.72503 -121.30997 1.148 0.849 2.1064e+17 0.03 0.29 0.42 17 141001080858 
2014 274 10 01 08 19 57.088 43.72562 -121.31010 0.753 0.329 3.4917e+16 0.01 0.42 0.65 09 141001081957 
2014 274 10 01 08 44 6.906 43.72793 -121.30812 0.780 0.004 1.1386e+16 0.10 0.30 0.59 11 141001084406 
2014 274 10 01 08 49 42.973 43.72473 -121.31025 0.726 0.889 2.4167e+17 0.03 0.26 0.50 15 141001084943 
2014 274 10 01 08 50 35.985 43.72605 -121.31125 1.027 0.252 2.6776e+16 0.03 0.37 0.56 12 141001085035 
2014 274 10 01 09 00 39.416 43.72488 -121.31280 1.444 0.424 4.8545e+16 0.08 0.35 0.54 14 141001090039 
2014 274 10 01 09 55 59.271 43.72473 -121.30945 1.063 -0.011 1.0784e+16 0.03 0.52 1.43 07 141001095559 
2014 274 10 01 10 35 44.111 43.72652 -121.30982 0.582 0.096 1.5616e+16 0.01 0.33 0.47 12 141001103544 
2014 274 10 01 10 50 55.301 43.72628 -121.31088 0.928 0.815 1.8747e+17 0.04 0.27 0.39 17 141001105055 
2014 274 10 01 12 03 16.869 43.72385 -121.31015 1.112 1.079 4.6601e+17 0.03 0.25 0.43 17 141001120316 
2014 274 10 01 12 14 55.901 43.72253 -121.31383 1.406 0.338 3.6000e+16 0.13 0.33 0.42 15 141001121455 
2014 274 10 01 12 32 38.135 43.72722 -121.31437 0.851 0.316 3.3374e+16 0.07 0.27 0.47 15 141001123238 
2014 274 10 01 12 51 13.390 43.72612 -121.30893 1.166 -0.013 1.0728e+16 0.02 0.32 0.50 13 141001125113 
2014 274 10 01 13 18 41.029 43.72497 -121.30892 1.205 0.151 1.8885e+16 0.01 0.55 1.26 07 141001131840 
2014 274 10 01 13 53 28.313 43.72705 -121.30980 1.389 -0.030 1.0106e+16 0.03 0.36 0.52 12 141001135328 
2014 274 10 01 14 21 2.479 43.72603 -121.30790 1.007 0.124 1.7190e+16 0.02 0.43 0.52 11 141001142102 
2014 274 10 01 14 53 5.093 43.72550 -121.31250 0.703 1.380 1.3202e+18 0.04 0.32 0.48 15 141001145305 
2014 274 10 01 14 58 1.418 43.72615 -121.30940 0.820 0.206 2.2822e+16 0.02 0.33 0.56 12 141001145801 
2014 274 10 01 14 58 9.213 43.72675 -121.30902 0.761 0.042 1.2988e+16 0.01 0.67 1.31 06 141001145809 
2014 274 10 01 15 01 55.080 43.72678 -121.31050 0.768 0.637 1.0133e+17 0.02 0.33 0.50 13 141001150155 
2014 274 10 01 16 56 11.407 43.72657 -121.30817 0.999 0.068 1.4189e+16 0.00 0.66 1.76 05 141001165611 
2014 274 10 01 17 21 27.459 43.72483 -121.30820 0.853 0.181 2.0971e+16 0.03 0.40 0.60 11 141001172127 
2014 274 10 01 17 28 9.662 43.72647 -121.30873 0.519 0.189 2.1527e+16 0.01 0.52 0.87 06 141001172809 
2014 274 10 01 18 11 50.031 43.72623 -121.31020 0.917 -0.015 1.0652e+16 0.02 0.35 0.49 12 141001181150 
2014 274 10 01 19 05 16.353 43.72568 -121.31168 0.713 1.268 8.9499e+17 0.04 0.31 0.50 15 141001190516 
2014 274 10 01 20 15 38.270 43.72858 -121.30632 -1.500 -0.199 5.6339e+15 0.08 0.22 6.11 09 141001201538 
2014 274 10 01 20 47 39.675 43.72660 -121.31098 1.107 0.509 6.5148e+16 0.22 0.41 0.58 13 141001204739 
2014 274 10 01 21 29 35.385 43.70088 -121.32233 2.195 0.599 8.8876e+16 0.16 0.42 0.73 11 141001212935 
2014 274 10 01 22 13 54.277 43.72567 -121.31078 1.163 0.480 5.8929e+16 0.09 0.42 0.57 11 141001221354 
2014 275 10 02 02 10 14.334 43.72680 -121.30972 0.950 0.127 1.7395e+16 0.01 0.43 0.81 09 141002021014 
2014 275 10 02 03 53 12.120 43.72540 -121.31173 0.975 0.283 2.9785e+16 0.03 0.32 0.46 14 141002035312 
2014 275 10 02 03 56 59.444 43.72425 -121.31398 0.872 0.702 1.2694e+17 0.05 0.23 0.42 15 141002035659 
2014 275 10 02 04 09 59.252 43.72610 -121.31027 1.270 -0.017 1.0597e+16 0.01 0.43 0.85 08 141002040959 
2014 275 10 02 05 19 50.182 43.72732 -121.31107 0.742 0.306 3.2243e+16 0.02 0.40 0.65 10 141002051950 
2014 275 10 02 05 38 45.560 43.72643 -121.30960 1.003 0.014 1.1759e+16 0.01 0.48 0.87 09 141002053845 
2014 275 10 02 05 44 21.514 43.72760 -121.30995 0.748 -0.023 1.0361e+16 0.02 0.36 0.51 11 141002054421 
2014 275 10 02 06 38 47.451 43.72602 -121.31248 0.907 0.811 1.8441e+17 0.03 0.31 0.47 16 141002063847 
2014 275 10 02 06 47 52.831 43.72292 -121.31160 1.494 1.145 5.8598e+17 0.11 0.25 0.38 19 141002064752 
2014 275 10 02 07 07 11.694 43.72500 -121.31350 0.433 1.229 7.8293e+17 0.05 0.22 0.32 20 141002070711 
2014 275 10 02 07 21 48.561 43.71793 -121.32237 2.391 0.525 6.8716e+16 0.18 0.40 0.64 14 141002072148 
2014 275 10 02 08 07 44.201 43.72505 -121.30943 0.954 -0.007 1.0950e+16 0.02 0.39 0.54 11 141002080744 
2014 275 10 02 08 28 7.304 43.72548 -121.30995 1.212 0.059 1.3769e+16 0.02 0.32 0.42 14 141002082807 
2014 275 10 02 09 02 33.394 43.72565 -121.30972 1.293 0.200 2.2413e+16 0.02 0.32 0.47 14 141002090233 
2014 275 10 02 09 03 53.300 43.72642 -121.31077 1.206 0.490 6.0979e+16 0.03 0.28 0.45 16 141002090353 
2014 275 10 02 09 11 44.902 43.72668 -121.30942 1.109 0.013 1.1732e+16 0.02 0.32 0.42 14 141002091144 
2014 275 10 02 10 13 43.604 43.72632 -121.30867 0.892 0.177 2.0706e+16 0.04 0.32 0.46 14 141002101343 
2014 275 10 02 11 01 48.098 43.72677 -121.31265 0.290 1.080 4.6718e+17 0.05 0.19 0.36 19 141002110148 
2014 275 10 02 12 06 44.442 43.72590 -121.30940 1.120 0.032 1.2532e+16 0.01 0.38 0.55 11 141002120644 
2014 275 10 02 12 39 9.175 43.72532 -121.31270 0.621 0.844 2.0707e+17 0.05 0.23 0.35 19 141002123909 
2014 275 10 02 13 05 22.827 43.72478 -121.31147 1.083 0.706 1.2834e+17 0.08 0.41 0.61 13 141002130522 
2014 275 10 02 14 03 53.248 43.72542 -121.30917 0.783 0.252 2.6746e+16 0.01 0.33 0.54 12 141002140352 
2014 275 10 02 14 50 41.872 43.72582 -121.30935 0.738 0.303 3.2006e+16 0.02 0.38 0.66 10 141002145041 
2014 275 10 02 16 12 20.483 43.72585 -121.31157 0.950 0.542 7.2992e+16 0.02 0.34 0.50 12 141002161220 
2014 275 10 02 16 42 7.281 43.72553 -121.31022 1.011 0.814 1.8643e+17 0.02 0.27 0.41 16 141002164207 
2014 275 10 02 18 43 19.061 43.72567 -121.30850 0.991 0.040 1.2894e+16 0.03 0.38 0.60 10 141002184319 
2014 275 10 02 18 53 48.570 43.72507 -121.31280 1.122 0.908 2.5785e+17 0.07 0.30 0.45 17 141002185348 
2014 275 10 02 20 02 1.389 43.72445 -121.30872 0.791 0.287 3.0239e+16 0.02 0.42 0.67 08 141002200201 
2014 275 10 02 20 04 19.896 43.72320 -121.31065 1.325 0.540 7.2383e+16 0.03 0.50 0.72 08 141002200419 
2014 275 10 02 20 13 25.142 43.72613 -121.31152 0.949 0.444 5.2021e+16 0.02 0.38 0.55 12 141002201325 
2014 275 10 02 20 16 39.750 43.72842 -121.30940 0.937 0.256 2.7187e+16 0.01 0.54 0.76 07 141002201639 
2014 275 10 02 20 36 51.014 43.72440 -121.31273 1.440 0.983 3.3483e+17 0.05 0.26 0.37 21 141002203650 
2014 275 10 02 21 11 55.599 43.72602 -121.31043 0.801 0.060 1.3827e+16 0.00 0.80 1.38 05 141002211155 
2014 276 10 03 01 13 15.180 43.72810 -121.30972 0.930 0.050 1.3316e+16 0.01 0.54 0.76 07 141003011315 
2014 276 10 03 01 27 22.901 43.72622 -121.31147 0.953 -0.027 1.0224e+16 0.03 0.40 0.56 10 141003012722 
2014 276 10 03 02 39 1.161 43.72597 -121.30988 0.807 0.427 4.8991e+16 0.03 0.41 0.55 11 141003023901 
2014 276 10 03 02 39 7.731 43.72817 -121.31100 1.009 0.016 1.1846e+16 0.04 0.38 0.59 10 141003023906 
2014 276 10 03 03 54 8.692 43.72565 -121.31105 1.018 0.651 1.0628e+17 0.02 0.31 0.49 14 141003035409 
2014 276 10 03 04 45 9.084 43.72512 -121.31492 0.614 0.716 1.3310e+17 0.05 0.24 0.39 15 141003044509 
2014 276 10 03 04 45 21.366 43.72618 -121.31100 0.653 -0.011 1.0816e+16 0.01 0.38 0.56 10 141003044521 
2014 276 10 03 06 06 22.721 43.72493 -121.31322 1.061 1.156 6.0770e+17 0.09 0.26 0.37 20 141003060622 
2014 276 10 03 06 09 21.897 43.72648 -121.31217 0.690 0.602 8.9772e+16 0.03 0.32 0.42 14 141003060921 
2014 276 10 03 07 46 4.601 43.72515 -121.31083 0.744 0.295 3.1130e+16 0.01 0.35 0.54 12 141003074604 
2014 276 10 03 07 55 54.925 43.72538 -121.30958 0.865 0.041 1.2947e+16 0.02 0.38 0.55 11 141003075554 
2014 276 10 03 14 01 58.170 43.72610 -121.31005 0.782 0.090 1.5300e+16 0.02 0.36 0.51 11 141003140158 
2014 276 10 03 14 25 37.892 43.72935 -121.30942 1.353 -0.028 1.0170e+16 0.03 0.48 0.61 09 141003142537 
2014 276 10 03 14 31 49.116 43.72623 -121.31120 0.921 0.059 1.3745e+16 0.02 0.34 0.48 12 141003143149 
2014 276 10 03 15 27 57.841 43.72492 -121.30957 1.172 0.861 2.1972e+17 0.04 0.28 0.46 17 141003152757 
2014 276 10 03 15 28 11.873 43.72538 -121.31118 0.900 0.400 4.4613e+16 0.03 0.42 0.56 10 141003152811 
2014 276 10 03 15 28 19.833 43.72708 -121.31280 1.221 0.470 5.6895e+16 0.04 0.33 0.44 15 141003152819 
2014 276 10 03 17 00 53.964 43.72538 -121.31183 0.867 0.740 1.4430e+17 0.04 0.29 0.39 17 141003170053 
2014 276 10 03 17 55 51.972 43.72638 -121.30917 0.841 0.084 1.5003e+16 0.02 0.40 0.58 10 141003175551 
2014 276 10 03 18 54 54.212 43.72477 -121.31157 0.545 1.044 4.1267e+17 0.04 0.32 0.50 13 141003185454 
2014 277 10 04 01 37 41.907 43.72472 -121.31033 0.572 0.534 7.1071e+16 0.04 0.38 0.58 10 141004013741 
2014 277 10 04 03 16 27.596 43.72620 -121.30967 0.925 0.153 1.9025e+16 0.02 0.35 0.58 11 141004031627 
2014 277 10 04 05 29 8.417 43.72595 -121.31042 0.592 0.939 2.8728e+17 0.04 0.26 0.35 17 141004052908 
2014 277 10 04 07 37 50.234 43.72693 -121.31022 0.626 0.147 1.8657e+16 0.05 0.29 0.49 13 141004073750 
2014 277 10 04 09 39 42.542 43.72560 -121.31108 0.834 -0.097 8.0147e+15 0.04 0.33 0.48 12 141004093942 
2014 277 10 04 09 54 30.627 43.72600 -121.30858 0.804 0.092 1.5434e+16 0.01 0.40 0.53 11 141004095430 
2014 277 10 04 11 29 23.118 43.72622 -121.30883 1.021 0.061 1.3844e+16 0.01 0.39 0.55 11 141004112923 
2014 277 10 04 11 29 34.294 43.72558 -121.30687 1.124 0.410 4.6283e+16 0.02 0.48 0.82 08 141004112934 
2014 277 10 04 12 21 27.172 43.72493 -121.30793 0.922 -0.007 1.0945e+16 0.01 0.63 1.36 06 141004122127 
2014 277 10 04 12 42 53.346 43.72648 -121.30937 1.031 0.160 1.9511e+16 0.00 0.59 1.12 06 141004124253 
2014 277 10 04 15 22 43.870 43.73010 -121.31050 1.047 -0.281 4.2525e+15 0.01 0.71 1.55 05 141004152243 
2014 277 10 04 15 44 23.413 43.72755 -121.30888 1.282 0.388 4.2794e+16 0.00 0.70 0.92 06 141004154423 
2014 277 10 04 17 32 52.767 43.72482 -121.31250 0.594 1.616 2.9823e+18 0.04 0.27 0.39 17 141004173252 
2014 277 10 04 17 50 4.988 43.72492 -121.31185 1.081 0.479 5.8648e+16 0.03 0.45 0.63 10 141004175004 
2014 277 10 04 18 51 11.990 43.72585 -121.31443 0.894 2.056 1.3630e+19 0.05 0.22 0.31 22 141004185111 
2014 277 10 04 20 17 28.018 43.72605 -121.30702 0.951 -0.026 1.0250e+16 0.01 0.60 2.18 05 141004201728 
2014 277 10 04 21 09 4.233 43.72543 -121.31070 0.764 0.216 2.3626e+16 0.01 0.62 0.79 06 141004210904 
2014 277 10 04 21 29 47.648 43.72575 -121.31048 1.130 0.549 7.4763e+16 0.03 0.40 0.54 12 141004212947 
2014 277 10 04 22 43 53.282 43.72458 -121.30540 1.030 0.237 2.5414e+16 0.01 99.00 99.00 04 141004224353 
2014 278 10 05 00 03 10.184 43.72938 -121.31540 1.842 0.025 1.2215e+16 0.06 0.64 1.14 06 141005000310 
2014 278 10 05 00 07 17.282 43.73248 -121.31257 -0.080 0.190 2.1653e+16 0.14 0.23 0.46 11 141005000716 
2014 278 10 05 01 04 21.370 43.72897 -121.31018 0.968 -0.063 9.0285e+15 0.01 0.48 0.60 08 141005010421 
2014 278 10 05 01 40 0.478 43.72665 -121.30955 0.995 0.207 2.2954e+16 0.02 0.38 0.50 11 141005014000 
2014 278 10 05 02 06 17.077 43.72570 -121.31203 0.952 0.860 2.1851e+17 0.06 0.28 0.41 17 141005020617 
2014 278 10 05 02 14 37.351 43.72605 -121.31150 0.604 0.792 1.7318e+17 0.04 0.24 0.44 17 141005021437 
2014 278 10 05 04 07 30.432 43.72525 -121.31298 0.778 1.694 3.8964e+18 0.04 0.31 0.44 14 141005040730 
2014 278 10 05 04 30 37.504 43.72517 -121.31170 0.893 0.386 4.2599e+16 0.02 0.43 0.60 10 141005043037 
2014 278 10 05 05 20 57.345 43.72742 -121.30600 1.165 0.035 1.2663e+16 0.01 99.00 99.00 04 141005052057 
2014 278 10 05 06 05 13.283 43.72658 -121.31102 0.683 1.299 9.9687e+17 0.04 0.28 0.48 15 141005060513 
2014 278 10 05 06 16 36.718 43.73867 -121.32322 1.780 0.522 6.8152e+16 0.04 0.55 1.67 08 141005061636 
2014 278 10 05 08 23 28.912 43.72663 -121.30678 1.121 0.086 1.5118e+16 0.00 0.78 1.51 05 141005082328 
2014 278 10 05 08 56 13.664 43.72668 -121.30790 1.258 0.262 2.7777e+16 0.02 0.58 0.82 07 141005085613 
2014 278 10 05 14 06 51.479 43.72755 -121.30992 0.823 0.396 4.3982e+16 0.01 0.46 0.61 08 141005140651 
2014 278 10 05 15 32 42.961 43.72910 -121.30693 1.219 0.078 1.4681e+16 0.01 0.67 0.93 06 141005153242 
2014 278 10 05 15 36 54.526 43.72775 -121.31000 0.854 -0.018 1.0552e+16 0.02 0.46 0.70 08 141005153654 
2014 278 10 05 15 55 21.108 43.71985 -121.31400 1.247 0.748 1.4870e+17 0.13 0.32 0.53 14 141005155521 
2014 278 10 05 16 07 32.907 43.72377 -121.31363 1.195 0.853 2.1378e+17 0.11 0.23 0.40 20 141005160732 
2014 278 10 05 20 14 11.048 43.72678 -121.30870 1.019 -0.114 7.5568e+15 0.01 0.69 2.13 05 141005201411 
2014 278 10 05 23 22 16.600 43.72497 -121.30927 1.138 0.894 2.4627e+17 0.03 0.35 0.46 15 141005232216 
2014 279 10 06 00 30 52.778 43.72778 -121.31090 0.630 0.339 3.6155e+16 0.02 0.39 0.60 10 141006003052 
2014 279 10 06 03 29 32.030 43.72675 -121.30797 1.090 0.476 5.8156e+16 0.02 0.30 0.47 14 141006032932 
2014 279 10 06 04 02 55.854 43.72458 -121.31048 1.009 0.624 9.6915e+16 0.02 0.40 0.54 12 141006040255 
2014 279 10 06 05 17 58.386 43.72775 -121.30862 0.825 0.112 1.6528e+16 0.01 0.65 0.98 06 141006051758 
2014 279 10 06 06 13 48.778 43.72557 -121.31147 0.701 0.602 8.9744e+16 0.03 0.30 0.43 13 141006061348 
2014 279 10 06 21 16 20.800 43.72755 -121.30828 1.214 0.088 1.5180e+16 0.02 0.48 0.82 08 141006211620 
2014 280 10 07 06 12 8.715 43.72660 -121.30998 0.810 0.633 9.9845e+16 0.02 0.32 0.46 13 141007061208 
2014 280 10 07 07 26 23.319 43.72593 -121.31077 1.349 0.505 6.4128e+16 0.02 0.29 0.45 15 141007072623 
2014 280 10 07 08 10 3.068 43.72573 -121.30680 0.763 0.149 1.8793e+16 0.02 0.49 0.69 09 141007081003 
2014 280 10 07 10 47 21.109 43.72300 -121.31217 0.943 0.844 2.0701e+17 0.05 0.28 0.53 14 141007104721 
2014 280 10 07 11 35 33.553 43.72553 -121.30885 0.663 -0.044 9.6503e+15 0.01 0.37 0.53 10 141007113533 
2014 280 10 07 13 24 10.342 43.72852 -121.31037 0.962 0.101 1.5907e+16 0.01 0.57 0.85 06 141007132410 
2014 281 10 08 07 05 6.118 43.72733 -121.30843 1.021 0.508 6.4892e+16 0.03 0.50 0.59 09 141008070506 
2014 281 10 08 07 23 6.559 43.72405 -121.31992 1.508 0.186 2.1366e+16 0.01 0.53 2.58 06 141008072306 
2014 281 10 08 14 04 1.025 43.72413 -121.31035 0.589 0.485 5.9893e+16 0.03 0.33 0.60 11 141008140400 
2014 281 10 08 14 07 57.405 43.72602 -121.31038 0.383 0.217 2.3771e+16 0.01 0.45 0.95 07 141008140757 
2014 281 10 08 16 01 37.410 43.72612 -121.30995 0.812 0.280 2.9555e+16 0.01 0.49 0.80 08 141008160137 
2014 281 10 08 19 08 20.727 43.72575 -121.30867 1.088 0.469 5.6592e+16 0.01 0.39 0.64 10 141008190820 
2014 281 10 08 20 35 48.050 43.72757 -121.31072 0.875 -0.024 1.0321e+16 0.01 0.48 0.63 09 141008203548 
2014 281 10 08 21 16 58.371 43.72665 -121.30988 0.739 0.440 5.1370e+16 0.01 0.46 0.67 09 141008211658 
2014 282 10 09 00 40 1.832 43.72400 -121.30675 0.830 0.169 2.0096e+16 0.01 0.50 1.85 07 141009004001 
2014 282 10 09 06 24 33.531 43.72692 -121.31073 0.841 0.740 1.4472e+17 0.02 0.31 0.48 15 141009062433 
2014 282 10 09 07 25 8.362 43.72457 -121.30937 0.652 0.187 2.1392e+16 0.02 0.49 1.08 07 141009072508 
2014 282 10 09 10 16 10.036 43.72552 -121.31125 1.095 0.670 1.1351e+17 0.02 0.46 0.82 08 141009101609 
2014 282 10 09 21 35 19.678 43.72600 -121.31112 0.808 0.385 4.2455e+16 0.01 0.44 0.64 09 141009213519 
2014 283 10 10 01 09 37.562 43.72707 -121.31082 0.836 0.340 3.6292e+16 0.02 0.34 0.45 12 141010010937 
2014 283 10 10 01 36 39.281 43.72738 -121.31013 0.637 0.046 1.3151e+16 0.01 0.47 0.72 08 141010013639 
2014 283 10 10 04 08 8.757 43.73238 -121.30750 0.469 -0.125 7.2941e+15 0.04 0.54 0.79 07 141010040808 
2014 283 10 10 04 16 18.603 43.72372 -121.30768 0.992 0.360 3.8922e+16 0.00 0.68 1.41 05 141010041618 
2014 283 10 10 05 15 15.072 43.72828 -121.31197 0.758 0.125 1.7263e+16 0.01 0.43 0.67 09 141010051515 
2014 283 10 10 06 14 44.365 43.72552 -121.31068 1.269 -0.048 9.4940e+15 0.03 0.45 0.93 09 141010061444 
2014 283 10 10 06 54 56.761 43.72545 -121.31257 0.791 0.742 1.4569e+17 0.03 0.33 0.59 13 141010065456 
2014 283 10 10 07 42 5.423 43.72510 -121.31150 0.801 -0.065 8.9503e+15 0.02 0.36 0.56 11 141010074205 
2014 283 10 10 08 04 30.107 43.72723 -121.31247 0.919 0.577 8.2452e+16 0.03 0.42 0.78 10 141010080430 
2014 283 10 10 11 49 22.348 43.72553 -121.30765 0.917 0.070 1.4277e+16 0.02 0.51 0.71 09 141010114922 
2014 283 10 10 14 01 5.054 43.72642 -121.30860 0.723 -0.061 9.0920e+15 0.02 0.47 0.76 08 141010140105 
2014 284 10 11 03 29 5.846 43.72562 -121.31443 0.241 0.852 2.1249e+17 0.05 0.21 0.39 15 141011032905 
2014 284 10 11 05 46 3.128 43.72793 -121.30858 0.915 0.049 1.3276e+16 0.02 0.59 0.95 07 141011054603 
2014 284 10 11 09 12 2.566 43.72715 -121.30860 0.814 0.115 1.6665e+16 0.01 0.55 0.86 07 141011091202 
2014 284 10 11 10 25 23.646 43.72672 -121.30945 0.960 0.102 1.5980e+16 0.01 0.51 0.90 07 141011102523 
2014 284 10 11 10 53 26.705 43.72535 -121.31273 0.483 0.719 1.3447e+17 0.06 0.23 0.36 18 141011105326 
2014 284 10 11 11 40 38.088 43.72845 -121.30997 0.832 0.174 2.0446e+16 0.01 0.58 0.90 06 141011114038 
2014 284 10 11 19 22 35.114 43.72610 -121.30828 1.173 0.269 2.8460e+16 0.01 0.52 0.82 08 141011192235 
2014 285 10 12 01 58 6.808 43.72700 -121.30978 0.610 0.100 1.5830e+16 0.01 0.63 1.47 05 141012015807 
2014 285 10 12 10 12 29.769 43.72773 -121.31105 0.574 0.844 2.0721e+17 0.06 0.28 0.51 16 141012101229 
2014 285 10 12 11 13 57.775 43.72693 -121.30900 0.503 0.156 1.9198e+16 0.05 0.28 0.54 13 141012111357 
2014 285 10 12 16 37 43.488 43.72913 -121.31420 0.346 1.453 1.6982e+18 0.09 0.21 0.33 20 141012163743 
2014 285 10 12 16 47 1.264 43.72537 -121.31342 0.583 0.693 1.2272e+17 0.04 0.28 0.51 15 141012164701 
2014 285 10 12 18 33 4.864 43.72542 -121.31098 0.691 0.919 2.6857e+17 0.04 0.27 0.39 16 141012183304 
2014 285 10 12 20 34 19.009 43.72657 -121.31123 0.634 0.304 3.2068e+16 0.02 0.42 0.71 09 141012203418 
2014 285 10 12 21 10 19.020 43.72545 -121.31297 0.701 0.825 1.9359e+17 0.04 0.31 0.49 13 141012211018 
2014 285 10 12 21 10 23.398 43.72523 -121.31218 0.719 0.893 2.4553e+17 0.03 0.31 0.48 13 141012211023 
2014 286 10 13 00 57 6.825 43.72380 -121.31517 0.946 1.341 1.1529e+18 0.06 0.26 0.50 17 141013005706 
2014 286 10 13 02 33 12.761 43.72578 -121.30965 0.772 0.051 1.3379e+16 0.01 0.54 0.73 07 141013023312 
2014 286 10 13 04 12 29.236 43.72575 -121.31327 1.012 1.172 6.4334e+17 0.05 0.32 0.39 17 141013041229 
2014 286 10 13 04 12 59.310 43.72692 -121.31007 0.977 -0.027 1.0229e+16 0.01 0.43 0.81 08 141013041259 
2014 286 10 13 06 10 48.890 43.72643 -121.31160 0.704 0.018 1.1952e+16 0.02 0.75 1.69 05 141013061048 
2014 286 10 13 06 40 26.263 43.72645 -121.30947 0.833 0.435 5.0352e+16 0.01 0.43 0.56 10 141013064026 
2014 286 10 13 07 28 43.914 43.72628 -121.30783 0.709 0.095 1.5568e+16 0.01 0.39 0.60 10 141013072843 
2014 286 10 13 09 08 35.264 43.71272 -121.32585 0.812 0.011 1.1665e+16 0.15 0.35 0.74 09 141013090835 
2014 286 10 13 09 50 54.611 43.72505 -121.30858 1.054 0.169 2.0128e+16 0.01 0.54 1.00 07 141013095054 
2014 286 10 13 10 22 29.182 43.72740 -121.31008 0.730 0.846 2.0832e+17 0.06 0.30 0.60 14 141013102229 
2014 286 10 13 12 57 26.239 43.72505 -121.31372 0.889 0.339 3.6238e+16 0.04 0.30 0.47 14 141013125726 
2014 286 10 13 14 45 26.430 43.72732 -121.31025 0.918 0.185 2.1265e+16 0.01 0.56 0.94 07 141013144526 
2014 287 10 14 05 46 14.060 43.72505 -121.31128 0.744 0.977 3.2767e+17 0.03 0.31 0.45 16 141014054614 
2014 288 10 15 03 21 38.687 43.72645 -121.31017 0.746 0.144 1.8457e+16 0.01 0.45 0.57 08 141015032138 
2014 288 10 15 03 49 43.465 43.72513 -121.31157 0.770 -0.017 1.0596e+16 0.01 0.50 0.93 07 141015034943 
2014 288 10 15 04 54 0.074 43.72570 -121.31288 0.714 0.054 1.3521e+16 0.01 0.55 0.73 08 141015045400 
2014 288 10 15 05 08 0.454 43.72603 -121.31412 0.859 0.471 5.7105e+16 0.03 0.32 0.48 13 141015050800 
2014 288 10 15 15 03 44.729 43.72525 -121.30953 0.848 0.783 1.6794e+17 0.02 0.29 0.46 14 141015150344 
2014 288 10 15 15 37 26.042 43.72565 -121.31050 0.976 0.893 2.4494e+17 0.03 0.33 0.49 14 141015153726 
2014 288 10 15 17 43 42.966 43.72438 -121.30865 0.737 0.024 1.2181e+16 0.01 0.53 0.88 08 141015174342 
2014 289 10 16 14 50 23.465 43.72792 -121.31058 0.913 0.178 2.0741e+16 0.01 0.60 0.81 06 141016145023 
2014 289 10 16 15 52 19.606 43.72535 -121.31050 0.917 0.600 8.8977e+16 0.03 0.31 0.42 14 141016155219 
2014 289 10 16 16 53 27.554 43.72633 -121.31378 0.374 0.725 1.3723e+17 0.08 0.23 0.43 16 141016165327 
2014 289 10 16 23 08 36.374 43.72673 -121.31067 0.792 0.112 1.6507e+16 0.00 0.56 0.82 06 141016230836 
2014 290 10 17 01 01 8.524 43.72672 -121.31243 0.514 0.196 2.2092e+16 0.02 0.34 0.53 11 141017010108 
2014 290 10 17 01 54 0.104 43.72470 -121.31347 0.771 0.026 1.2276e+16 0.01 0.51 0.61 08 141017015400 
2014 290 10 17 11 16 40.272 43.72452 -121.31138 0.769 0.073 1.4445e+16 0.00 0.68 1.17 06 141017111639 
2014 290 10 17 18 13 40.065 43.72693 -121.31197 0.662 0.177 2.0692e+16 0.00 0.55 1.48 06 141017181340 
2014 291 10 18 07 08 9.447 43.72575 -121.31212 0.785 -0.058 9.1736e+15 0.01 0.56 1.00 06 141018070809 
2014 291 10 18 07 31 23.609 43.72603 -121.31337 0.860 0.021 1.2078e+16 0.01 0.53 0.91 07 141018073123 
2014 291 10 18 07 39 20.691 43.72462 -121.31142 0.643 0.198 2.2268e+16 0.02 0.37 0.62 11 141018073920 
2014 291 10 18 13 20 39.378 43.72672 -121.31205 0.752 -0.024 1.0325e+16 0.01 0.47 0.70 08 141018132039 
2014 291 10 18 13 57 23.996 43.72468 -121.30625 0.867 0.071 1.4325e+16 0.00 99.00 99.00 04 141018135723 
2014 291 10 18 23 57 3.835 43.72618 -121.31317 0.637 0.894 2.4634e+17 0.02 0.28 0.52 15 141018235703 
2014 292 10 19 09 07 50.448 43.72605 -121.31367 0.691 0.667 1.1219e+17 0.03 0.28 0.48 16 141019090750 
2014 292 10 19 09 26 49.026 43.72380 -121.31237 0.598 0.192 2.1802e+16 0.01 0.61 1.28 06 141019092648 
2014 292 10 19 20 04 10.828 43.72798 -121.31162 0.913 0.468 5.6450e+16 0.06 0.35 0.60 12 141019200410 
2014 293 10 20 01 52 54.363 43.72550 -121.31230 0.789 -0.159 6.4834e+15 0.01 0.47 0.63 08 141020015254 
2014 295 10 22 16 26 15.663 43.74248 -121.31465 0.345 0.229 2.4713e+16 0.03 0.29 0.54 11 141022162615 
2014 296 10 23 20 57 54.035 43.72502 -121.31112 0.748 0.411 4.6338e+16 0.01 0.69 1.55 05 141023205754 
2014 296 10 23 21 02 22.361 43.72567 -121.31083 0.674 0.593 8.6862e+16 0.02 0.35 0.59 11 141023210222 
2014 299 10 26 07 29 26.142 43.72608 -121.31162 1.073 0.492 6.1471e+16 0.03 0.39 0.52 12 141026072926 
2014 299 10 26 07 37 35.769 43.72597 -121.31008 0.765 0.517 6.6805e+16 0.02 0.33 0.47 14 141026073735 
2014 299 10 26 08 12 8.983 43.72912 -121.29875 1.337 0.180 2.0917e+16 0.30 0.90 1.94 05 141026081208 
2014 306 11 02 22 32 57.295 43.72487 -121.31158 1.122 -0.065 8.9774e+15 0.01 0.59 1.76 06 141102223257 
2014 319 11 15 17 38 30.447 43.72652 -121.31422 0.715 0.390 4.3212e+16 0.06 0.27 0.63 14 141115173830 
2014 319 11 15 17 39 25.268 43.72658 -121.30975 0.436 -0.025 1.0283e+16 0.02 0.25 0.52 14 141115173925 
2014 319 11 15 20 54 10.902 43.72587 -121.30908 0.588 0.232 2.4964e+16 0.03 0.32 0.55 12 141115205410 
2014 319 11 15 21 08 12.956 43.72595 -121.31147 0.809 0.736 1.4256e+17 0.03 0.28 0.45 16 141115210813 
2014 319 11 15 21 16 31.999 43.72448 -121.30680 0.968 0.248 2.6411e+16 0.02 0.49 0.61 09 141115211632 
2014 319 11 15 21 56 10.650 43.72562 -121.30798 0.883 0.253 2.6918e+16 0.02 0.34 0.44 13 141115215610 
2014 319 11 15 22 40 3.749 43.72770 -121.31352 0.606 0.758 1.5373e+17 0.04 0.32 0.53 13 141115224004 
2014 320 11 16 16 22 8.781 43.72505 -121.31098 0.357 0.591 8.6399e+16 0.05 0.43 0.66 10 141116162208 
2014 320 11 16 16 22 50.500 43.72837 -121.31202 0.491 0.279 2.9405e+16 0.06 0.24 0.43 16 141116162250 
2014 320 11 16 16 44 33.151 43.72693 -121.31135 0.645 0.737 1.4318e+17 0.03 0.34 0.55 10 141116164432 
2014 320 11 16 16 44 39.311 43.72622 -121.31335 0.311 0.949 2.9718e+17 0.05 0.20 0.30 20 141116164439 
2014 320 11 16 16 45 9.857 43.72493 -121.31285 0.237 0.714 1.3220e+17 0.05 0.21 0.36 17 141116164510 
2014 320 11 16 18 52 9.671 43.72657 -121.31147 0.875 0.864 2.2189e+17 0.04 0.35 0.54 14 141116185209 
2014 320 11 16 23 02 40.493 43.72638 -121.31360 0.215 1.447 1.6637e+18 0.04 0.23 0.38 15 141116230240 
2014 320 11 16 23 04 53.306 43.72665 -121.31348 0.673 -0.136 7.0218e+15 0.03 0.36 0.55 10 141116230453 
2014 320 11 16 23 09 57.967 43.72570 -121.31207 0.787 0.702 1.2676e+17 0.03 0.41 0.67 11 141116230957 
2014 321 11 17 03 34 37.592 43.72655 -121.31433 0.269 1.054 4.2762e+17 0.05 0.16 0.28 22 141117033437 
2014 321 11 17 03 41 42.856 43.72657 -121.31297 0.553 0.697 1.2479e+17 0.06 0.22 0.38 18 141117034142 
2014 321 11 17 04 41 53.076 43.72370 -121.31608 0.720 2.281 2.9589e+19 0.06 0.21 0.36 23 141117044153 
2014 321 11 17 04 58 6.999 43.72460 -121.31020 0.496 0.367 3.9813e+16 0.07 0.27 0.45 14 141117045807 
2014 321 11 17 05 25 37.302 43.72657 -121.31143 0.700 0.046 1.3136e+16 0.03 0.28 0.45 14 141117052537 
2014 321 11 17 05 40 30.653 43.72718 -121.31212 0.757 0.644 1.0365e+17 0.03 0.23 0.47 16 141117054030 
2014 321 11 17 07 46 59.517 43.72628 -121.31298 0.975 0.172 2.0330e+16 0.03 0.33 0.49 13 141117074659 
2014 321 11 17 07 47 43.561 43.72580 -121.31317 0.505 0.712 1.3133e+17 0.05 0.22 0.34 19 141117074743 
2014 321 11 17 07 48 23.970 43.72530 -121.31803 0.365 0.573 8.1150e+16 0.07 0.19 0.25 20 141117074824 
2014 321 11 17 09 17 47.062 43.72590 -121.31232 0.792 0.025 1.2229e+16 0.03 0.36 0.66 12 141117091747 
2014 321 11 17 10 47 47.422 43.72487 -121.31223 0.499 0.449 5.2967e+16 0.04 0.28 0.55 15 141117104747 
2014 321 11 17 17 33 15.711 43.72795 -121.30977 0.672 0.098 1.5716e+16 0.03 0.37 0.54 11 141117173316 
2014 321 11 17 23 31 42.314 43.72575 -121.31643 0.360 1.148 5.9122e+17 0.07 0.20 0.30 22 141117233142 
2014 322 11 18 17 19 26.043 43.72315 -121.31138 0.699 0.220 2.3975e+16 0.04 0.32 0.58 12 141118171926 
2014 323 11 19 00 06 53.219 43.72440 -121.31128 0.420 -0.087 8.3031e+15 0.02 0.27 0.45 13 141119000653 
2014 323 11 19 02 24 22.146 43.72745 -121.31342 0.703 -0.044 9.6250e+15 0.04 0.27 0.45 14 141119022422 
2014 323 11 19 03 18 45.155 43.72685 -121.31220 0.569 0.432 4.9942e+16 0.04 0.27 0.43 15 141119031845 
2014 323 11 19 07 51 31.262 43.72782 -121.31162 0.439 0.414 4.6962e+16 0.05 0.21 0.43 17 141119075131 
2014 323 11 19 07 51 36.876 43.72825 -121.31190 0.688 0.249 2.6491e+16 0.01 0.52 0.70 07 141119075136 
2014 323 11 19 07 51 48.248 43.72640 -121.31263 0.618 0.676 1.1597e+17 0.05 0.28 0.42 15 141119075148 
2014 323 11 19 12 55 16.132 43.72760 -121.31030 0.990 -0.074 8.7023e+15 0.01 0.64 1.62 05 141119125516 
2014 323 11 19 12 55 28.183 43.72812 -121.31257 0.918 0.006 1.1448e+16 0.01 0.66 0.99 06 141119125528 
2014 323 11 19 12 55 44.463 43.72632 -121.30968 0.593 0.024 1.2197e+16 0.02 0.33 0.49 11 141119125544 
2014 323 11 19 14 59 52.080 43.72618 -121.31115 0.814 0.327 3.4664e+16 0.02 0.31 0.48 14 141119145952 
2014 323 11 19 15 03 58.817 43.72615 -121.31327 0.969 0.766 1.5791e+17 0.05 0.29 0.50 16 141119150358 
2014 323 11 19 15 04 5.402 43.72500 -121.31140 0.992 0.486 6.0067e+16 0.03 0.43 0.71 11 141119150405 
2014 323 11 19 17 04 49.586 43.72590 -121.31403 1.176 0.943 2.9107e+17 0.06 0.30 0.38 18 141119170449 
2014 323 11 19 17 05 46.840 43.72627 -121.31113 0.987 0.246 2.6268e+16 0.03 0.34 0.56 12 141119170546 
2014 323 11 19 23 15 1.554 43.72908 -121.31068 0.804 0.306 3.2305e+16 0.02 0.39 0.53 10 141119231501 
2014 324 11 20 07 55 16.370 43.72622 -121.31102 1.130 0.220 2.4013e+16 0.03 0.32 0.49 14 141120075516 
2014 324 11 20 10 34 24.386 43.72752 -121.31135 0.756 0.292 3.0715e+16 0.02 0.32 0.45 14 141120103424 
2014 324 11 20 10 46 14.058 43.72622 -121.30977 0.798 0.047 1.3215e+16 0.02 0.35 0.56 11 141120104614 
2014 324 11 20 11 01 20.178 43.72583 -121.31012 0.742 0.289 3.0491e+16 0.02 0.31 0.42 14 141120110119 
2014 324 11 20 12 46 1.802 43.72382 -121.30950 0.963 0.048 1.3262e+16 0.03 0.43 0.53 10 141120124601 
2014 324 11 20 12 46 9.189 43.72757 -121.30985 0.815 -0.124 7.3132e+15 0.01 0.59 0.80 06 141120124609 
2014 324 11 20 15 19 37.881 43.72620 -121.31028 0.893 0.150 1.8842e+16 0.02 0.32 0.45 14 141120151937 
2014 324 11 20 15 19 44.565 43.72682 -121.31138 0.915 0.094 1.5529e+16 0.04 0.37 0.50 12 141120151944 
2014 324 11 20 15 41 27.667 43.72813 -121.30987 0.300 -0.016 1.0624e+16 0.08 0.27 0.44 12 141120154127 
2014 324 11 20 17 06 10.040 43.72628 -121.30952 1.092 0.330 3.5114e+16 0.02 0.39 0.51 13 141120170610 
2014 324 11 20 18 47 49.395 43.72735 -121.30975 1.444 0.222 2.4128e+16 0.02 0.60 0.94 08 141120184749 
2014 324 11 20 22 47 44.353 43.72462 -121.30813 0.899 0.114 1.6636e+16 0.03 0.41 0.55 09 141120224744 
2014 325 11 21 00 38 43.021 43.72497 -121.30930 1.031 0.097 1.5674e+16 0.02 0.38 0.56 12 141121003843 
2014 325 11 21 00 42 31.414 43.72798 -121.31043 0.618 0.042 1.2983e+16 0.03 0.40 0.75 10 141121004231 
2014 325 11 21 02 22 0.087 43.72765 -121.31567 0.813 0.614 9.3566e+16 0.06 0.29 0.45 16 141121022159 
2014 325 11 21 02 39 22.318 43.72533 -121.31015 0.928 0.099 1.5782e+16 0.01 0.44 0.76 08 141121023922 
2014 325 11 21 02 55 53.443 43.72685 -121.31455 0.842 0.733 1.4086e+17 0.06 0.24 0.33 20 141121025553 
2014 325 11 21 02 56 30.078 43.72648 -121.31113 0.836 -0.073 8.7111e+15 0.01 0.36 0.51 11 141121025630 
2014 325 11 21 03 11 17.845 43.72593 -121.31112 0.897 0.065 1.4061e+16 0.03 0.33 0.48 13 141121031117 
2014 325 11 21 03 31 15.661 43.72445 -121.31233 0.575 0.019 1.1979e+16 0.03 0.37 0.53 11 141121033115 
2014 325 11 21 04 19 25.412 43.72590 -121.31337 1.233 0.557 7.6838e+16 0.06 0.29 0.43 18 141121041925 
2014 325 11 21 04 19 32.809 43.72592 -121.30775 0.899 -0.062 9.0689e+15 0.01 0.57 1.17 07 141121041933 
2014 325 11 21 09 05 3.049 43.72853 -121.31237 0.832 0.365 3.9584e+16 0.03 0.29 0.39 15 141121090502 
2014 325 11 21 09 57 35.244 43.72502 -121.31500 0.698 1.331 1.1125e+18 0.06 0.24 0.32 19 141121095735 
2014 325 11 21 09 57 48.893 43.72675 -121.31125 0.722 0.491 6.1188e+16 0.01 0.36 0.66 10 141121095748 
2014 325 11 21 12 34 17.678 43.72315 -121.31095 0.826 -0.078 8.5824e+15 0.02 0.48 0.70 10 141121123417 
2014 325 11 21 12 47 26.391 43.72633 -121.31013 0.826 0.216 2.3629e+16 0.02 0.32 0.41 14 141121124726 
2014 325 11 21 14 11 40.087 43.72635 -121.30810 0.851 0.233 2.5095e+16 0.02 0.36 0.51 13 141121141140 
2014 326 11 22 09 46 24.859 43.72582 -121.31058 0.853 0.065 1.4030e+16 0.02 0.46 0.63 09 141122094624 
2014 326 11 22 10 19 32.321 43.72517 -121.30848 0.891 0.567 7.9485e+16 0.02 0.36 0.51 14 141122101932 
2014 328 11 24 02 02 3.477 43.72492 -121.30968 1.017 0.908 2.5790e+17 0.03 0.34 0.43 16 141124020203 
2014 328 11 24 02 02 27.398 43.72482 -121.30927 1.059 0.052 1.3421e+16 0.01 0.44 0.77 11 141124020227 
2014 329 11 25 21 05 18.062 43.72452 -121.30810 0.861 0.215 2.3590e+16 0.02 0.47 0.65 10 141125210518 
2014 330 11 26 05 51 38.842 43.72672 -121.31225 0.414 -0.203 5.5655e+15 0.02 0.29 0.53 13 141126055138 
2014 330 11 26 10 55 46.215 43.71920 -121.31098 1.266 0.163 1.9714e+16 0.03 0.56 0.68 10 141126105546 
2014 332 11 28 04 16 7.934 43.72883 -121.31118 1.023 0.172 2.0354e+16 0.01 0.59 1.79 06 141128041607 
2014 332 11 28 14 43 9.598 43.72747 -121.30875 1.067 -0.120 7.4124e+15 0.04 99.00 99.00 04 141128144309 
2014 334 11 30 10 05 35.595 43.72047 -121.30828 0.711 0.130 1.7587e+16 0.02 0.36 0.52 12 141130100535 
2014 334 11 30 15 31 42.952 43.72102 -121.31067 0.792 0.848 2.0960e+17 0.02 0.30 0.41 16 141130153142 
2014 336 12 02 00 00 17.576 43.72665 -121.31133 0.899 0.264 2.7929e+16 0.02 0.42 0.60 10 141202000017 
2014 345 12 11 15 53 21.330 43.72397 -121.31190 0.647 0.779 1.6541e+17 0.02 0.34 0.54 11 141211155321 
2014 345 12 11 17 13 30.412 43.72312 -121.31100 0.721 0.293 3.0849e+16 0.02 0.48 0.80 08 141211171330 
2014 346 12 12 06 46 40.050 43.72272 -121.31493 0.919 0.404 4.5277e+16 0.04 0.35 0.50 12 141212064640 
2014 346 12 12 10 06 31.869 43.72440 -121.31670 1.071 0.417 4.7413e+16 0.05 0.42 0.56 11 141212100631 
2014 346 12 12 11 03 48.267 43.72397 -121.31313 0.589 0.041 1.2916e+16 0.03 0.30 0.80 09 141212110348 
2014 348 12 14 08 41 11.443 43.71853 -121.31263 1.028 0.808 1.8293e+17 0.07 0.37 0.51 14 141214084111 
2014 349 12 15 01 24 12.774 43.72220 -121.31117 0.746 0.149 1.8769e+16 0.01 0.40 0.81 09 141215012413