2010 275 10 02 08 13 26.972 42.09635 -113.37235 1.834 0.778 1.6460e+17 0.09 0.30 0.84 11 101002081327 
2010 286 10 13 06 23 56.796 42.08807 -113.37913 1.000 0.635 1.0054e+17 0.04 0.22 0.37 13 101013062357 
2010 350 12 16 14 31 8.666 42.08988 -113.38210 0.826 0.531 7.0259e+16 0.04 0.22 0.63 11 101216143108 
2011 014 01 14 14 05 57.206 42.09195 -113.38057 1.055 0.529 6.9789e+16 0.06 0.20 0.70 10 110114140557 
2011 014 01 14 17 58 7.793 42.08933 -113.38515 0.623 0.521 6.7915e+16 0.05 0.18 0.46 12 110114175807 
2011 042 02 11 02 19 16.570 42.08457 -113.38708 -0.017 0.245 2.6186e+16 0.04 0.17 0.57 07 110211021916 
2011 049 02 18 11 05 35.556 42.08967 -113.38317 0.680 0.523 6.8262e+16 0.05 0.19 0.58 12 110218110535 
2011 198 07 17 08 55 13.222 42.08902 -113.37800 1.135 0.790 1.7205e+17 0.04 0.22 0.36 12 110717085513 
2011 198 07 17 16 51 58.937 42.08502 -113.38672 0.097 0.383 4.2121e+16 0.03 0.18 0.61 07 110717165159 
2011 274 10 01 04 02 46.566 42.08922 -113.37812 1.099 0.603 9.0024e+16 0.04 0.29 0.57 10 111001040246 
2011 274 10 01 04 05 21.586 42.09148 -113.37687 1.248 1.300 9.9942e+17 0.05 0.22 0.56 12 111001040521 
2011 297 10 24 00 58 13.257 42.09122 -113.38040 1.782 0.920 2.6950e+17 0.05 0.33 1.12 10 111024005814 
2011 325 11 21 06 54 2.464 42.09085 -113.38200 0.921 0.531 7.0178e+16 0.08 0.31 0.54 12 111121065402 
2011 337 12 03 21 26 36.680 42.09282 -113.37977 0.843 0.332 3.5355e+16 0.04 0.27 0.48 11 111203212636 
2011 349 12 15 08 27 55.195 42.09032 -113.37417 1.295 0.483 5.9516e+16 0.04 0.28 0.56 12 111215082755 
2011 355 12 21 05 38 3.930 42.09055 -113.37613 1.154 0.592 8.6628e+16 0.06 0.25 0.33 16 111221053804 
2012 006 01 06 17 58 22.396 42.09198 -113.38085 1.025 0.510 6.5364e+16 0.09 0.28 0.52 14 120106175822 
2012 007 01 07 09 28 57.720 42.09153 -113.37958 0.770 0.212 2.3304e+16 0.03 0.26 0.72 10 120107092857 
2012 040 02 09 12 50 53.274 42.09622 -113.39408 0.580 0.496 6.2136e+16 0.05 0.20 0.28 14 120209125053 
2012 055 02 24 23 17 2.505 42.08888 -113.39067 0.408 0.403 4.5145e+16 0.03 0.16 0.31 11 120224231702 
2012 055 02 24 23 26 45.030 42.08837 -113.38872 0.405 0.504 6.3890e+16 0.06 0.17 0.28 13 120224232645 
2012 055 02 24 23 29 1.082 42.08818 -113.38958 0.323 0.409 4.6049e+16 0.06 0.16 0.26 12 120224232901 
2012 056 02 25 02 59 33.945 42.08817 -113.38887 0.779 0.532 7.0568e+16 0.03 0.21 0.49 13 120225025933 
2012 056 02 25 03 09 28.484 42.08880 -113.39148 0.526 0.338 3.6048e+16 0.01 0.36 0.62 06 120225030928 
2012 056 02 25 03 20 2.565 42.08907 -113.38847 0.505 0.518 6.7028e+16 0.05 0.15 0.23 14 120225032002 
2012 358 12 23 05 14 30.288 42.09250 -113.38318 0.745 0.305 3.2173e+16 0.08 0.28 0.49 12 121223051430 
2013 121 05 01 10 24 43.067 42.08917 -113.37703 1.171 0.593 8.6995e+16 0.04 0.34 0.71 08 130501102443 
2013 152 06 01 13 15 45.283 42.08870 -113.38362 0.285 -1.003 3.5127e+14 0.01 0.22 0.37 08 130601131545 
2013 152 06 01 16 09 18.714 42.09215 -113.37327 0.320 -0.989 3.6871e+14 0.02 0.33 0.40 06 130601160918 
2013 162 06 11 09 12 35.333 42.09582 -113.39305 -0.110 -0.298 4.0100e+15 0.03 0.16 0.54 08 130611091235 
2013 198 07 17 00 22 0.934 42.09193 -113.37978 0.216 -0.468 2.2290e+15 0.01 0.31 0.64 06 130717002200 
2013 198 07 17 00 22 5.016 42.09202 -113.37763 0.490 -0.159 6.4739e+15 0.02 0.32 0.52 07 130717002205 
2013 198 07 17 01 44 8.193 42.08972 -113.37987 0.417 -0.404 2.7814e+15 0.03 0.26 0.39 08 130717014408 
2013 198 07 17 01 58 55.772 42.09127 -113.37868 0.516 0.076 1.4594e+16 0.05 0.18 0.32 14 130717015855 
2013 206 07 25 22 07 40.719 42.08778 -113.38135 0.462 -0.220 5.2538e+15 0.02 0.24 0.36 08 130725220740 
2013 207 07 26 19 59 57.080 42.09267 -113.37457 0.391 -0.157 6.5302e+15 0.05 0.25 0.36 09 130726195957 
2013 243 08 31 06 50 31.303 42.08703 -113.38813 0.112 0.044 1.3054e+16 0.03 0.17 0.30 08 130831065031 
2013 243 08 31 06 50 39.732 42.08675 -113.38862 -0.005 -0.004 1.1060e+16 0.02 0.21 0.38 07 130831065038 
2013 243 08 31 07 52 58.490 42.08675 -113.38920 0.113 0.358 3.8659e+16 0.03 0.19 0.33 08 130831075258 
2013 243 08 31 11 16 47.702 42.08688 -113.38922 -0.020 0.233 2.5112e+16 0.06 0.11 0.21 15 130831111647 
2013 243 08 31 13 14 40.061 42.08767 -113.38765 0.120 -0.361 3.2220e+15 0.01 0.27 0.89 05 130831131440 
2013 243 08 31 13 14 46.166 42.08678 -113.38715 0.122 0.040 1.2875e+16 0.04 0.15 0.29 11 130831131446 
2013 244 09 01 05 52 1.158 42.08632 -113.38880 0.080 -0.095 8.0918e+15 0.02 0.20 0.38 08 130901055201 
2013 245 09 02 06 06 52.608 42.08738 -113.38892 -0.152 -0.498 2.0057e+15 0.05 0.13 0.26 12 130902060652 
2013 259 09 16 17 09 52.683 42.09782 -113.35012 0.522 0.175 2.0532e+16 0.18 0.33 0.69 08 130916170952 
2013 261 09 18 19 11 1.612 42.09213 -113.37558 0.613 0.137 1.8015e+16 0.03 0.29 0.44 10 130918191101 
2013 261 09 18 19 12 59.872 42.09250 -113.37445 0.582 0.230 2.4792e+16 0.03 0.28 0.47 10 130918191259 
2013 261 09 18 19 16 48.254 42.09248 -113.37550 0.861 0.969 3.1849e+17 0.03 0.27 0.53 13 130918191648 
2013 284 10 11 03 43 41.080 42.09898 -113.35935 0.539 0.397 4.4180e+16 0.04 0.30 0.52 08 131011034341 
2013 290 10 17 03 09 58.390 42.09698 -113.39412 0.340 -0.707 9.7541e+14 0.06 0.20 0.37 11 131017030958 
2013 299 10 26 07 51 4.732 42.09018 -113.37508 0.282 -0.439 2.4611e+15 0.03 0.23 0.32 08 131026075104 
2013 300 10 27 18 11 55.671 42.09043 -113.38263 0.311 -0.511 1.9223e+15 0.01 0.38 0.95 05 131027181156 
2013 300 10 27 18 12 2.040 42.08200 -113.38217 0.211 -0.548 1.6895e+15 0.13 0.20 0.36 10 131027181201 
2013 302 10 29 18 01 11.218 42.09593 -113.36160 0.702 -0.129 7.1927e+15 0.06 0.32 1.08 08 131029180112 
2013 314 11 10 10 09 59.054 42.08330 -113.36620 3.297 0.750 1.4950e+17 0.17 0.50 1.02 12 131110100959 
2013 314 11 10 10 10 30.861 42.09878 -113.36112 0.432 0.005 1.1406e+16 0.03 0.56 0.82 05 131110101031 
2013 314 11 10 11 12 51.690 42.09805 -113.36073 0.872 -0.250 4.7364e+15 0.02 0.48 1.29 06 131110111251 
2013 314 11 10 11 16 22.145 42.09727 -113.36237 0.917 -0.027 1.0221e+16 0.03 0.36 1.09 08 131110111622 
2013 315 11 11 16 50 7.456 42.08850 -113.36880 1.743 0.362 3.9218e+16 0.14 0.62 0.91 09 131111165007 
2013 315 11 11 16 51 19.936 42.09592 -113.36483 1.037 0.212 2.3337e+16 0.08 0.61 1.10 06 131111165120 
2013 326 11 22 12 59 1.191 42.09047 -113.37745 0.174 -0.922 4.6524e+14 0.03 0.21 0.45 07 131122125901 
2013 343 12 09 06 45 8.661 42.09035 -113.38152 0.216 -0.620 1.3196e+15 0.01 0.20 0.34 08 131209064508 
2013 343 12 09 07 22 37.211 42.08973 -113.38155 0.254 -0.501 1.9864e+15 0.01 0.22 0.46 07 131209072237 
2013 343 12 09 07 22 44.937 42.08892 -113.37842 1.732 0.538 7.1921e+16 0.03 0.53 0.90 08 131209072245 
2013 347 12 13 18 43 15.350 42.09065 -113.37877 0.462 -0.652 1.1818e+15 0.01 0.27 0.55 07 131213184315 
2013 355 12 21 07 28 22.636 42.09090 -113.38167 0.568 0.547 7.4246e+16 0.04 0.19 0.30 14 131221072822 
2013 356 12 22 07 55 42.204 42.09818 -113.35995 0.420 -0.205 5.5357e+15 0.03 0.26 0.45 07 131222075542 
2013 362 12 28 18 10 54.075 42.09080 -113.37938 0.266 -0.378 3.0424e+15 0.03 0.22 0.38 08 131228181054 
2013 362 12 28 20 03 28.514 42.09135 -113.37977 0.245 -0.448 2.3884e+15 0.02 0.28 0.54 06 131228200328 
2013 363 12 29 03 14 10.144 42.09105 -113.37730 0.517 -0.263 4.5287e+15 0.05 0.25 0.39 10 131229031410 
2013 363 12 29 03 14 15.110 42.09170 -113.37910 0.226 -0.618 1.3265e+15 0.01 0.27 0.51 06 131229031415 
2014 013 01 13 03 49 47.956 42.09485 -113.37297 0.081 -0.194 5.7359e+15 0.02 0.23 0.36 08 140113034947 
2014 023 01 23 12 53 19.007 42.09730 -113.36140 0.844 0.490 6.0863e+16 0.03 0.43 1.00 08 140123125319 
2014 023 01 23 12 59 23.830 42.09498 -113.36803 1.243 0.753 1.5132e+17 0.01 0.56 1.26 06 140123125923 
2014 023 01 23 13 02 23.783 42.09787 -113.36103 0.868 -0.450 2.3708e+15 0.03 0.50 1.49 06 140123130223 
2014 023 01 23 13 12 23.678 42.09490 -113.35953 0.536 -0.248 4.7619e+15 0.01 0.53 0.76 06 140123131223 
2014 024 01 24 00 02 31.041 42.09783 -113.36163 0.783 -0.287 4.1643e+15 0.01 0.55 1.19 06 140124000230 
2014 030 01 30 16 27 59.400 42.09065 -113.37502 0.205 -0.595 1.4376e+15 0.01 0.28 0.45 07 140130162759 
2014 045 02 14 12 28 30.316 42.08780 -113.38162 0.188 -0.247 4.7743e+15 0.06 0.15 0.23 12 140214122830 
2014 062 03 03 11 25 41.429 42.09010 -113.38230 0.299 0.269 2.8447e+16 0.04 0.19 0.48 10 140303112541 
2014 072 03 13 21 16 12.089 42.09747 -113.35962 0.849 0.097 1.5681e+16 0.03 0.58 1.34 06 140313211612 
2014 077 03 18 17 54 32.517 42.09773 -113.34380 1.123 0.779 1.6544e+17 0.13 0.41 0.74 08 140318175433 
2014 091 04 01 13 00 58.052 42.09720 -113.36465 0.986 -0.194 5.7443e+15 0.02 0.48 1.07 06 140401130057 
2014 091 04 01 18 51 6.717 42.08732 -113.38835 0.095 -0.078 8.5594e+15 0.03 0.15 0.31 09 140401185106 
2014 091 04 01 19 11 4.696 42.08645 -113.38880 0.111 -0.699 1.0026e+15 0.01 0.18 0.44 08 140401191104 
2014 091 04 01 19 19 24.647 42.08727 -113.38797 -0.032 -0.387 2.9522e+15 0.01 0.25 0.36 06 140401191925 
2014 091 04 01 19 19 30.459 42.08718 -113.38793 0.093 -0.484 2.1056e+15 0.03 0.15 0.25 10 140401191930 
2014 091 04 01 19 25 21.295 42.08663 -113.38927 0.007 -0.698 1.0073e+15 0.02 0.18 0.34 08 140401192521 
2014 091 04 01 20 51 11.162 42.08765 -113.38747 -0.056 -0.087 8.3026e+15 0.01 0.22 0.35 07 140401205111 
2014 091 04 01 22 41 7.867 42.08733 -113.38770 -0.027 0.032 1.2522e+16 0.02 0.18 0.31 08 140401224107 
2014 091 04 01 23 57 20.991 42.08767 -113.38818 -0.025 -0.701 9.9556e+14 0.01 0.19 0.36 07 140401235723 
2014 092 04 02 01 14 12.150 42.08742 -113.38878 0.208 0.396 4.3983e+16 0.03 0.14 0.22 14 140402011412 
2014 092 04 02 18 19 43.648 42.09747 -113.36293 0.736 -0.256 4.6350e+15 0.04 0.32 0.73 09 140402181944 
2014 093 04 03 06 24 1.940 42.08315 -113.39082 -0.466 -0.269 4.4309e+15 0.10 0.15 0.52 08 140403062401 
2014 093 04 03 06 53 38.487 42.08550 -113.38925 -0.016 -0.378 3.0366e+15 0.04 0.14 0.29 11 140403065338 
2014 093 04 03 07 17 25.431 42.08627 -113.38862 0.080 -0.348 3.3762e+15 0.02 0.19 0.40 07 140403071725 
2014 093 04 03 09 20 49.349 42.08638 -113.38968 0.038 -0.157 6.5306e+15 0.03 0.18 0.40 07 140403092049 
2014 093 04 03 10 57 9.681 42.08717 -113.39272 -0.201 -0.508 1.9418e+15 0.01 0.33 0.68 05 140403105709 
2014 093 04 03 11 25 13.694 42.08510 -113.39220 -0.159 -0.737 8.8052e+14 0.06 0.15 0.33 10 140403112513 
2014 093 04 03 12 25 36.788 42.08473 -113.39200 -0.122 -0.568 1.5800e+15 0.06 0.16 0.34 08 140403122536 
2014 093 04 03 13 35 37.321 42.08508 -113.39183 -0.036 -0.354 3.3028e+15 0.02 0.19 0.56 06 140403133537 
2014 093 04 03 14 16 15.991 42.08445 -113.39682 -1.000 -0.379 3.0273e+15 0.31 0.12 0.46 08 140403141615 
2014 093 04 03 14 42 37.505 42.08638 -113.38938 0.071 -0.585 1.4852e+15 0.02 0.17 0.37 08 140403144237 
2014 118 04 28 19 20 4.704 42.09323 -113.36122 1.200 0.158 1.9352e+16 0.06 0.34 0.72 10 140428192004 
2014 128 05 08 01 57 49.538 42.09897 -113.38890 0.184 -0.682 1.0640e+15 0.06 0.18 0.43 09 140508015749 
2014 140 05 20 05 39 6.901 42.10112 -113.38752 0.198 -0.585 1.4861e+15 0.04 0.19 0.86 08 140520053906 
2014 150 05 30 01 05 1.887 42.08947 -113.38205 0.251 -0.527 1.8171e+15 0.01 0.23 0.61 06 140530010501 
2014 154 06 03 21 54 51.688 42.08653 -113.38873 0.057 -0.759 8.1705e+14 0.01 0.18 0.31 08 140603215451 
2014 156 06 05 02 54 17.670 42.09127 -113.38098 0.310 -0.486 2.0914e+15 0.03 0.21 0.38 09 140605025417 
2014 156 06 05 13 12 30.234 42.09100 -113.38480 0.160 -0.230 5.0618e+15 0.06 0.14 0.26 12 140605131230 
2014 157 06 06 02 20 18.801 42.09012 -113.38153 0.222 -0.511 1.9229e+15 0.01 0.23 0.38 06 140606022018 
2014 157 06 06 10 53 38.008 42.09603 -113.36642 1.102 0.336 3.5763e+16 0.03 0.40 0.82 08 140606105337 
2014 157 06 06 21 23 36.487 42.09832 -113.36000 0.658 0.234 2.5200e+16 0.03 0.31 0.90 08 140606212336 
2014 157 06 06 23 43 31.038 42.09162 -113.38068 0.178 -0.467 2.2369e+15 0.02 0.23 0.33 07 140606234333 
2014 157 06 06 23 43 39.040 42.09107 -113.38142 0.220 -0.490 2.0641e+15 0.03 0.18 0.29 09 140606234338 
2014 158 06 07 05 13 45.269 42.09918 -113.36117 1.111 0.185 2.1274e+16 0.03 0.50 0.97 07 140607051345 
2014 158 06 07 07 22 13.115 42.09825 -113.35998 0.532 0.233 2.5121e+16 0.03 0.27 0.37 08 140607072212 
2014 158 06 07 13 20 59.337 42.09705 -113.36407 0.901 0.653 1.0704e+17 0.05 0.42 1.14 07 140607132059 
2014 158 06 07 13 41 42.994 42.09838 -113.36153 0.694 -0.029 1.0135e+16 0.02 0.35 0.67 08 140607134142 
2014 158 06 07 18 34 8.279 42.09905 -113.35993 0.627 0.523 6.8238e+16 0.02 0.35 0.86 07 140607183408 
2014 158 06 07 18 34 13.695 42.09705 -113.36125 0.568 0.403 4.5154e+16 0.01 0.26 0.59 08 140607183413 
2014 158 06 07 18 37 4.645 42.09637 -113.36138 0.910 0.367 3.9821e+16 0.07 0.36 0.97 08 140607183704 
2014 158 06 07 18 37 9.267 42.09808 -113.36220 0.798 -0.205 5.5193e+15 0.02 0.46 1.02 06 140607183709 
2014 158 06 07 18 38 21.215 42.09807 -113.35950 0.503 0.201 2.2468e+16 0.04 0.24 0.38 09 140607183821 
2014 158 06 07 18 41 34.650 42.09773 -113.36173 0.615 -0.186 5.9073e+15 0.03 0.31 0.68 08 140607184134 
2014 159 06 08 06 02 30.447 42.09130 -113.37845 0.352 -0.515 1.8956e+15 0.01 0.24 0.34 08 140608060230 
2014 159 06 08 10 29 54.356 42.09180 -113.37995 0.397 0.037 1.2747e+16 0.04 0.19 0.37 12 140608102954 
2014 159 06 08 10 34 32.915 42.09202 -113.37947 0.348 -0.484 2.1121e+15 0.03 0.23 0.34 09 140608103432 
2014 163 06 12 06 38 13.247 42.09063 -113.37513 0.235 0.090 1.5324e+16 0.02 0.16 0.33 09 140612063813 
2014 166 06 15 12 41 42.274 42.09888 -113.35947 0.641 -0.131 7.1360e+15 0.02 0.42 0.95 06 140615124142 
2014 166 06 15 17 21 13.735 42.09705 -113.36275 0.984 0.059 1.3756e+16 0.06 0.38 0.94 08 140615172113 
2014 209 07 28 21 41 23.885 42.08640 -113.38920 0.010 -0.482 2.1207e+15 0.02 0.19 0.40 08 140728214123 
2014 226 08 14 02 11 13.872 42.08767 -113.38822 0.231 0.452 5.3387e+16 0.04 0.15 0.25 12 140814021113 
2014 231 08 19 03 17 26.701 42.09992 -113.36023 0.659 0.276 2.9115e+16 0.03 0.40 1.04 06 140819031726 
2014 231 08 19 03 20 18.609 42.10097 -113.35985 0.395 0.509 6.4996e+16 0.01 0.26 0.57 06 140819032018 
2014 246 09 03 21 15 43.766 42.09450 -113.36438 0.492 -0.063 9.0417e+15 0.04 0.31 0.71 08 140903211543 
2014 263 09 20 05 41 21.076 42.10068 -113.34982 0.782 0.473 5.7510e+16 0.11 0.29 0.91 10 140920054121 
2014 263 09 20 16 54 37.772 42.09340 -113.35487 1.563 0.754 1.5163e+17 0.11 0.53 0.88 07 140920165437 
2014 263 09 20 17 43 16.489 42.09562 -113.34843 2.228 0.351 3.7700e+16 0.19 0.49 0.83 09 140920174316 
2014 263 09 20 18 39 26.806 42.09575 -113.35730 1.172 0.604 9.0497e+16 0.04 0.35 0.64 07 140920183926 
2014 263 09 20 22 26 9.473 42.10012 -113.35647 0.776 0.380 4.1758e+16 0.06 0.34 0.56 08 140920222609 
2014 264 09 21 01 16 19.384 42.09742 -113.35962 1.149 0.400 4.4647e+16 0.08 0.29 0.50 09 140921011619 
2014 264 09 21 01 20 11.947 42.09990 -113.35282 2.211 1.030 3.9371e+17 0.16 0.46 0.94 08 140921012012 
2014 264 09 21 01 20 19.643 42.09535 -113.35547 1.375 0.704 1.2754e+17 0.04 0.37 0.69 07 140921012019 
2014 264 09 21 02 39 4.123 42.09177 -113.38142 0.606 -0.230 5.0768e+15 0.08 0.21 0.56 09 140921023904 
2014 264 09 21 02 39 9.950 42.09105 -113.38622 0.259 -0.678 1.0777e+15 0.02 0.23 0.47 06 140921023909 
2014 264 09 21 09 00 54.012 42.09123 -113.37702 0.279 -0.612 1.3571e+15 0.09 0.28 0.67 07 140921090054 
2014 280 10 07 14 04 37.902 42.09323 -113.38043 0.205 -0.493 2.0407e+15 0.07 0.17 0.38 09 141007140437 
2014 302 10 29 07 43 19.298 42.08992 -113.38055 0.026 -0.608 1.3722e+15 0.03 0.20 0.40 07 141029074319 
2014 307 11 03 03 19 24.997 42.09392 -113.37362 0.412 0.190 2.1638e+16 0.05 0.15 0.34 10 141103031924 
2014 310 11 06 15 59 3.353 42.09910 -113.35900 0.863 0.451 5.3274e+16 0.04 0.30 0.55 07 141106155903 
2014 347 12 13 20 40 30.033 42.09007 -113.38188 0.424 -0.377 3.0483e+15 0.03 0.19 0.36 10 141213204029 
2014 364 12 30 07 48 6.987 42.09698 -113.36180 0.481 0.089 1.5281e+16 0.04 0.18 0.36 11 141230074806 
2015 007 01 07 13 53 24.217 42.09007 -113.37983 0.249 -0.277 4.3174e+15 0.03 0.18 0.38 10 150107135324 
2015 007 01 07 18 02 43.374 42.09618 -113.36285 0.595 0.615 9.3864e+16 0.06 0.35 0.51 07 150107180243 
2015 069 03 10 03 08 39.107 42.08943 -113.38132 0.358 0.172 2.0337e+16 0.03 0.14 0.24 14 150310030839 
2015 071 03 12 08 48 44.692 42.08703 -113.38393 0.062 -0.464 2.2593e+15 0.01 0.30 0.61 05 150312084844 
2015 074 03 15 06 52 36.766 42.09045 -113.38240 0.409 -0.348 3.3684e+15 0.04 0.17 0.27 12 150315065236 
2015 084 03 25 13 35 43.616 42.09112 -113.38460 0.563 -0.341 3.4528e+15 0.08 0.18 0.28 13 150325133543 
2015 085 03 26 06 35 19.918 42.09027 -113.38242 0.357 -0.583 1.4997e+15 0.05 0.19 0.46 09 150326063519 
2015 116 04 26 02 28 10.750 42.08932 -113.38263 0.504 -0.220 5.2527e+15 0.04 0.19 0.35 12 150426022810 
2015 132 05 12 16 08 32.639 42.09538 -113.39313 0.161 -0.668 1.1184e+15 0.02 0.16 0.34 10 150512160832 
2015 135 05 15 18 00 54.098 42.09542 -113.39485 0.034 -1.077 2.7170e+14 0.02 0.21 0.54 07 150515180054 
2015 151 05 31 19 20 52.142 42.09300 -113.37607 0.181 -0.546 1.7020e+15 0.07 0.17 0.39 10 150531192052 
2015 151 05 31 19 22 8.246 42.09052 -113.37805 0.404 0.157 1.9269e+16 0.08 0.17 0.31 12 150531192208 
2015 155 06 04 13 53 48.634 42.08600 -113.37225 0.540 -0.330 3.5865e+15 0.07 0.25 0.72 08 150604135348 
2015 161 06 10 18 02 42.117 42.09345 -113.37020 -0.622 -0.696 1.0133e+15 0.05 0.21 0.52 09 150610180242 
2015 197 07 16 01 55 38.574 42.08698 -113.37983 -0.594 -0.113 7.5938e+15 0.12 0.15 0.29 10 150716015538 
2015 209 07 28 04 11 41.216 42.08943 -113.36307 -1.000 -0.024 1.0316e+16 0.47 0.18 0.79 11 150728041141 
2015 221 08 09 17 00 18.229 42.09427 -113.37392 -1.000 -0.852 5.9063e+14 0.32 0.21 1.23 08 150809170019 
2015 221 08 09 17 04 15.396 42.09657 -113.37130 -0.520 -0.841 6.1539e+14 0.30 0.25 1.03 07 150809170415 
2015 221 08 09 17 09 40.929 42.09800 -113.36793 -1.000 -0.845 6.0663e+14 0.32 0.21 1.38 09 150809170940 
2015 221 08 09 17 09 59.348 42.09893 -113.37388 -1.000 -0.299 3.9945e+15 0.23 0.17 1.20 12 150809170959 
2015 221 08 09 17 10 34.359 42.09825 -113.36785 -1.000 -0.785 7.4548e+14 0.35 0.21 1.37 09 150809171034 
2015 221 08 09 17 10 47.435 42.09552 -113.37282 -1.000 -0.332 3.5696e+15 0.34 0.19 0.84 10 150809171047 
2015 221 08 09 17 11 15.919 42.09492 -113.37285 -1.000 -0.647 1.2025e+15 0.25 0.21 0.94 09 150809171115 
2015 232 08 20 18 18 22.680 42.08600 -113.37953 -1.000 -0.706 9.7914e+14 0.27 0.19 0.54 07 150820181822 
2015 287 10 14 06 32 42.001 42.09033 -113.38548 0.723 0.607 9.1184e+16 0.02 0.42 0.90 07 151014063242 
2015 324 11 20 05 09 8.671 42.08923 -113.38987 -0.032 -0.572 1.5554e+15 0.02 0.21 0.67 08 151120050908 
2015 349 12 15 17 19 36.580 42.09548 -113.36492 1.221 0.248 2.6468e+16 0.02 0.50 0.82 06 151215171936 
2015 354 12 20 07 55 56.817 42.08650 -113.38943 0.173 -0.358 3.2608e+15 0.01 0.19 0.31 08 151220075556 
2016 034 02 03 07 17 0.518 42.08705 -113.38930 0.069 -0.469 2.2232e+15 0.03 0.16 0.32 08 160203071700 
2016 231 08 18 18 31 32.409 42.08807 -113.38365 -0.057 -1.035 3.1416e+14 0.03 0.21 0.37 07 160818183132 
2016 231 08 18 18 31 36.077 42.08805 -113.38103 0.261 -1.292 1.2950e+14 0.01 0.31 0.94 05 160818183137 
2016 238 08 25 20 28 0.947 42.08627 -113.38935 -0.065 -0.581 1.5090e+15 0.03 0.15 0.28 10 160825202800 
2016 238 08 25 20 28 3.686 42.07193 -113.39282 -1.000 -0.915 4.7532e+14 0.23 0.24 1.15 07 160825202805 
2016 242 08 29 21 50 51.206 42.08793 -113.38418 0.401 -0.959 4.0877e+14 0.01 0.26 0.48 07 160829215051 
2016 249 09 05 08 44 1.580 42.08713 -113.38877 -0.073 -1.206 1.7438e+14 0.02 0.15 0.33 08 160905084401 
2016 257 09 13 09 04 19.428 42.09182 -113.37527 0.835 0.398 4.4350e+16 0.08 0.23 0.33 16 160913090419 
2016 257 09 13 10 44 36.392 42.09632 -113.36388 0.969 -0.084 8.3848e+15 0.02 0.36 0.82 08 160913104436 
2016 257 09 13 10 57 26.522 42.08868 -113.35713 0.928 0.230 2.4853e+16 0.10 0.24 0.33 13 160913105726 
2016 257 09 13 11 58 54.541 42.10338 -113.36113 0.621 0.236 2.5390e+16 0.16 0.22 0.66 10 160913115854 
2016 257 09 13 11 59 50.270 42.09237 -113.36453 0.507 -0.520 1.8625e+15 0.09 0.21 0.49 10 160913115950 
2016 257 09 13 12 01 42.122 42.09635 -113.34548 1.403 0.438 5.1000e+16 0.01 0.39 1.36 07 160913120142 
2016 257 09 13 12 08 3.848 42.09625 -113.36208 0.415 -0.280 4.2600e+15 0.03 0.31 0.47 08 160913120803 
2016 257 09 13 19 52 5.077 42.08992 -113.38212 0.432 -0.449 2.3807e+15 0.05 0.20 0.30 10 160913195205 
2016 258 09 14 06 52 6.924 42.08675 -113.39013 0.022 -0.390 2.9163e+15 0.02 0.15 0.26 10 160914065206 
2016 258 09 14 06 52 34.643 42.08990 -113.38127 0.480 -1.018 3.3390e+14 0.02 0.26 0.57 07 160914065234 
2016 258 09 14 09 53 19.862 42.09005 -113.38025 0.240 -1.081 2.6818e+14 0.04 0.20 0.31 08 160914095319 
2016 259 09 15 19 04 30.264 42.09593 -113.36313 0.509 -0.227 5.1309e+15 0.03 0.27 0.53 09 160915190430 
2016 261 09 17 11 55 39.237 42.08852 -113.38250 0.441 -0.537 1.7575e+15 0.01 0.25 0.42 07 160917115539 
2016 262 09 18 09 49 17.921 42.09002 -113.38248 0.230 -0.954 4.1575e+14 0.01 0.24 0.38 06 160918094917 
2016 262 09 18 17 17 30.232 42.08620 -113.38978 0.122 -0.026 1.0251e+16 0.03 0.12 0.22 12 160918171730 
2016 264 09 20 13 40 29.539 42.09040 -113.38430 0.477 0.741 1.4480e+17 0.22 0.13 0.26 14 160920134029 
2016 265 09 21 00 07 48.359 42.08623 -113.39010 -0.012 -0.954 4.1642e+14 0.01 0.17 0.31 08 160921000748 
2016 266 09 22 20 11 20.878 42.09298 -113.34793 0.968 0.837 2.0238e+17 0.14 0.23 0.35 15 160922201121 
2016 266 09 22 20 12 22.727 42.09795 -113.35853 0.425 -0.293 4.0779e+15 0.08 0.29 0.45 08 160922201222 
2016 266 09 22 20 17 33.794 42.09755 -113.36100 0.817 0.008 1.1523e+16 0.13 0.20 0.54 10 160922201733 
2016 266 09 22 20 25 53.357 42.09768 -113.35402 0.261 -0.469 2.2218e+15 0.11 0.33 0.55 08 160922202553 
2016 268 09 24 00 17 50.745 42.08687 -113.38888 0.027 -0.937 4.4142e+14 0.01 0.19 0.29 08 160924001750 
2016 268 09 24 00 17 55.175 42.08730 -113.38805 0.100 -1.016 3.3527e+14 0.01 0.17 0.31 08 160924001755 
2016 289 10 15 17 08 27.408 42.08723 -113.38977 0.075 -0.992 3.6533e+14 0.02 0.15 0.28 10 161015170827 
2016 291 10 17 05 46 34.397 42.08617 -113.38873 -0.190 -1.057 2.9128e+14 0.02 0.17 0.33 08 161017054634 
2016 316 11 11 18 55 39.176 42.08607 -113.38972 0.015 -0.868 5.5953e+14 0.02 0.16 0.28 10 161111185539 
2016 323 11 18 01 36 15.400 42.08678 -113.39012 0.024 -0.812 6.7972e+14 0.02 0.15 0.26 10 161118013615 
2016 328 11 23 21 46 39.890 42.08633 -113.38820 0.077 -0.139 6.9510e+15 0.02 0.12 0.25 12 161123214639 
2016 333 11 28 16 03 5.183 42.09105 -113.37837 0.206 -0.884 5.2919e+14 0.02 0.23 0.37 07 161128160305 
2016 336 12 01 00 40 55.102 42.08880 -113.38432 0.205 -1.157 2.0638e+14 0.01 0.20 0.31 08 161201004054 
2016 336 12 01 00 48 2.701 42.09033 -113.38295 0.378 -1.065 2.8319e+14 0.05 0.18 0.32 10 161201004802 
2016 340 12 05 16 13 23.270 42.08663 -113.38995 -0.026 -0.963 4.0326e+14 0.03 0.14 0.25 10 161205161323 
2016 340 12 05 16 14 40.163 42.08678 -113.38973 -0.052 -0.265 4.4910e+15 0.03 0.13 0.26 10 161205161440 
2016 340 12 05 16 17 49.029 42.08440 -113.39557 1.545 -0.574 1.5456e+15 0.02 0.47 0.67 08 161205161749 
2016 340 12 05 16 38 18.351 42.08622 -113.38940 -0.032 -0.670 1.1074e+15 0.02 0.13 0.26 10 161205163818 
2016 340 12 05 18 07 7.464 42.08687 -113.39028 -0.009 -0.979 3.8116e+14 0.01 0.15 0.34 08 161205180706 
2016 340 12 05 19 28 40.136 42.08667 -113.39022 -0.022 -1.107 2.4545e+14 0.02 0.15 0.36 08 161205192840 
2016 341 12 06 21 56 0.682 42.08762 -113.38395 0.550 -0.567 1.5823e+15 0.03 0.22 0.36 10 161206215600 
2016 348 12 13 17 30 11.099 42.08733 -113.38797 0.010 -1.074 2.7487e+14 0.01 0.18 0.32 08 161213173011 
2016 348 12 13 21 02 46.171 42.09683 -113.37320 0.053 -0.888 5.2184e+14 0.04 0.23 0.36 08 161213210246 
2016 350 12 15 15 33 34.660 42.09220 -113.33920 -0.090 -0.700 1.0013e+15 0.24 0.53 1.42 06 161215153335 
2016 353 12 18 05 13 47.165 42.08478 -113.38983 0.061 -0.876 5.4467e+14 0.03 0.16 0.27 10 161218051347 
2016 355 12 20 03 28 16.545 42.08588 -113.39010 0.023 0.185 2.1241e+16 0.03 0.10 0.20 16 161220032816 
2017 005 01 05 03 16 42.103 42.09005 -113.39439 1.235 0.358 3.8602e+16 0.11 0.23 0.41 13 170105031642 
2017 006 01 06 18 55 57.920 42.07445 -113.36146 2.212 0.137 1.8040e+16 0.09 0.48 0.78 09 170106185558 
2017 015 01 15 13 29 28.160 42.10546 -113.33126 0.200 0.377 4.1279e+16 0.21 0.22 0.41 09 170115132928 
2017 015 01 15 14 03 35.800 42.09287 -113.36275 1.529 0.535 7.1113e+16 0.05 0.40 0.56 11 170115140335 
2017 060 03 01 19 06 46.402 42.08493 -113.39193 0.031 -0.559 1.6289e+15 0.02 0.15 0.25 10 170301190646 
2017 069 03 10 02 11 19.994 42.08567 -113.38937 0.015 -0.852 5.9118e+14 0.01 0.16 0.27 08 170310021119 
2017 071 03 12 13 59 27.904 42.08682 -113.38948 0.000 -0.218 5.2765e+15 0.03 0.14 0.29 10 170312135927 
2017 073 03 14 23 13 18.606 42.08623 -113.38882 0.062 -0.889 5.2049e+14 0.01 0.18 0.31 08 170314231318 
2017 081 03 22 06 27 46.453 42.09562 -113.36320 1.016 0.232 2.5046e+16 0.04 0.34 0.51 10 170322062746 
2017 081 03 22 07 47 23.850 42.09233 -113.36077 1.273 0.529 6.9841e+16 0.09 0.32 0.45 12 170322074723 
2017 081 03 22 07 49 24.839 42.09063 -113.38180 0.418 -0.488 2.0775e+15 0.03 0.23 0.33 09 170322074924 
2017 081 03 22 11 19 55.800 42.09217 -113.38575 0.401 -0.759 8.1596e+14 0.05 0.15 0.31 10 170322111955 
2017 081 03 22 14 06 17.304 42.08938 -113.38342 0.000 -1.163 2.0207e+14 0.04 0.23 0.41 06 170322140617 
2017 081 03 22 14 06 26.537 42.09030 -113.38258 0.276 -0.149 6.6972e+15 0.04 0.12 0.23 14 170322140626 
2017 081 03 22 17 48 21.943 42.09082 -113.38560 0.303 -0.546 1.6995e+15 0.06 0.15 0.26 11 170322174821 
2017 082 03 23 08 15 36.653 42.09080 -113.37698 0.652 -0.236 4.9742e+15 0.06 0.24 0.38 11 170323081536 
2017 082 03 23 17 04 53.799 42.09022 -113.38288 0.296 -0.058 9.1688e+15 0.04 0.17 0.31 10 170323170453 
2017 083 03 24 17 58 1.964 42.09108 -113.37487 0.244 -0.587 1.4762e+15 0.03 0.22 0.33 08 170324175801 
2017 084 03 25 20 33 8.364 42.08488 -113.39053 0.044 -0.420 2.6276e+15 0.02 0.16 0.28 10 170325203308 
2017 085 03 26 18 26 52.587 42.08965 -113.35902 1.061 0.516 6.6664e+16 0.10 0.26 0.39 13 170326182652 
2017 085 03 26 18 53 57.822 42.09807 -113.36268 0.723 -0.029 1.0154e+16 0.01 0.34 0.80 08 170326185357 
2017 087 03 28 10 34 35.166 42.08927 -113.38130 0.000 -1.026 3.2397e+14 0.02 0.18 0.30 08 170328103435 
2017 087 03 28 10 34 39.628 42.08987 -113.38205 0.163 -0.973 3.8983e+14 0.01 0.19 0.30 08 170328103439 
2017 089 03 30 08 12 58.915 42.08512 -113.38950 0.208 -0.833 6.3073e+14 0.02 0.17 0.27 09 170330081258 
2017 100 04 10 09 12 58.357 42.08505 -113.39102 0.020 -0.240 4.8930e+15 0.02 0.14 0.28 10 170410091258 
2017 114 04 24 12 53 52.294 42.08563 -113.38907 0.077 -0.261 4.5608e+15 0.01 0.19 0.30 08 170424125352 
2017 126 05 06 04 53 21.594 42.08657 -113.38772 0.138 -0.185 5.9265e+15 0.03 0.12 0.24 12 170506045321 
2017 126 05 06 04 53 25.646 42.08590 -113.38825 0.042 -1.002 3.5242e+14 0.02 0.18 0.31 08 170506045325 
2017 131 05 11 16 08 41.357 42.08610 -113.38985 0.000 -0.865 5.6504e+14 0.02 0.14 0.27 10 170511160841 
2017 133 05 13 21 25 48.013 42.08645 -113.38952 0.125 -0.213 5.3834e+15 0.03 0.12 0.25 12 170513212548 
2017 136 05 16 08 29 8.656 42.09540 -113.39312 0.107 -0.857 5.8155e+14 0.03 0.10 0.22 13 170516082908 
2017 137 05 17 01 11 7.707 42.09540 -113.39293 0.207 -0.159 6.4855e+15 0.04 0.11 0.20 16 170517011107 
2017 139 05 19 05 59 55.474 42.09535 -113.39308 0.192 -0.258 4.5978e+15 0.04 0.12 0.24 14 170519055955 
2017 139 05 19 06 01 51.621 42.09622 -113.39313 0.157 -0.744 8.6019e+14 0.05 0.11 0.25 13 170519060151 
2017 142 05 22 21 28 9.478 42.08580 -113.39125 0.039 -0.358 3.2546e+15 0.02 0.15 0.26 10 170522212809 
2017 143 05 23 03 37 17.170 42.08695 -113.39235 0.107 -0.082 8.4668e+15 0.04 0.14 0.26 12 170523033717 
2017 144 05 24 22 21 50.431 42.08590 -113.38958 0.152 -0.340 3.4647e+15 0.04 0.16 0.28 10 170524222150 
2017 161 06 10 18 41 44.383 42.08518 -113.38647 0.033 -1.120 2.3469e+14 0.07 0.17 0.32 08 170610184144 
2017 163 06 12 14 36 4.516 42.08628 -113.38887 0.000 -0.863 5.6998e+14 0.06 0.18 0.31 08 170612143604 
2017 163 06 12 14 36 11.414 42.08640 -113.38960 0.000 -0.484 2.1057e+15 0.05 0.15 0.30 10 170612143611 
2017 165 06 14 15 24 32.922 42.08578 -113.39145 0.035 -0.433 2.5133e+15 0.02 0.16 0.28 10 170614152432 
2017 167 06 16 23 37 47.057 42.08620 -113.38928 0.087 -0.598 1.4219e+15 0.02 0.15 0.26 10 170616233747 
2017 174 06 23 22 01 15.460 42.08648 -113.39093 0.053 -0.392 2.8979e+15 0.01 0.19 0.27 09 170623220115 
2017 176 06 25 21 43 1.452 42.08213 -113.39163 2.000 0.319 3.3722e+16 0.90 0.62 1.00 11 170625214301 
2017 187 07 06 14 14 54.507 42.08500 -113.38905 0.081 -0.429 2.5487e+15 0.02 0.16 0.26 09 170706141454 
2017 187 07 06 16 38 4.279 42.08440 -113.39117 0.048 -0.481 2.1335e+15 0.02 0.16 0.27 09 170706163804 
2017 215 08 03 08 04 59.924 42.08393 -113.38992 0.000 -0.393 2.8847e+15 0.07 0.16 0.27 09 170803080459 
2017 217 08 05 12 55 34.666 42.08982 -113.37068 1.197 0.283 2.9849e+16 0.04 0.36 1.08 08 170805125534 
2017 217 08 05 13 06 9.406 42.09322 -113.35265 0.955 0.623 9.6444e+16 0.17 0.24 0.35 13 170805130609 
2017 218 08 06 17 27 18.872 42.08408 -113.38908 0.000 -0.425 2.5812e+15 0.09 0.16 0.28 09 170806172718 
2017 218 08 06 22 43 20.928 42.08400 -113.39010 0.000 -0.527 1.8149e+15 0.05 0.16 0.26 09 170806224320 
2017 218 08 06 22 44 38.767 42.08385 -113.38972 0.000 -0.994 3.6249e+14 0.06 0.17 0.26 09 170806224438 
2017 218 08 06 22 44 45.780 42.08400 -113.38975 0.076 -0.417 2.6544e+15 0.05 0.16 0.26 09 170806224445 
2017 231 08 19 13 18 12.670 42.08380 -113.39142 0.000 -0.642 1.2223e+15 0.02 0.16 0.27 09 170819131812 
2017 232 08 20 07 13 18.861 42.08530 -113.39055 0.000 0.501 6.3377e+16 0.05 0.12 0.22 14 170820071318 
2017 232 08 20 07 13 28.894 42.08447 -113.38993 0.041 -0.372 3.1020e+15 0.02 0.17 0.26 09 170820071328 
2017 232 08 20 07 18 22.823 42.08593 -113.38947 0.000 -0.691 1.0301e+15 0.04 0.16 0.26 09 170820071822 
2017 235 08 23 10 00 14.002 42.09160 -113.37983 0.541 -0.818 6.6609e+14 0.03 0.29 0.56 07 170823100014 
2017 235 08 23 16 11 24.292 42.08480 -113.39038 0.000 -0.527 1.8159e+15 0.03 0.16 0.29 09 170823161124 
2017 238 08 26 03 39 50.204 42.08557 -113.38893 0.013 -0.748 8.4761e+14 0.02 0.18 0.31 08 170826033950 
2017 240 08 28 09 23 28.263 42.09118 -113.38270 0.336 -0.862 5.7168e+14 0.03 0.19 0.29 09 170828092328 
2017 242 08 30 02 00 58.734 42.08483 -113.39213 0.143 -0.487 2.0856e+15 0.03 0.16 0.25 10 170830020058 
2017 242 08 30 02 32 22.320 42.08543 -113.39248 0.138 -0.032 1.0038e+16 0.03 0.16 0.24 10 170830023222 
2017 242 08 30 02 32 36.078 42.08488 -113.39175 0.061 -0.681 1.0663e+15 0.02 0.16 0.26 09 170830023236 
2017 242 08 30 08 12 23.750 42.08450 -113.39202 0.027 -0.242 4.8559e+15 0.02 0.17 0.26 09 170830081223 
2017 242 08 30 08 12 39.450 42.08423 -113.39172 0.016 -0.603 1.3968e+15 0.01 0.19 0.30 08 170830081239 
2017 243 08 31 05 04 47.881 42.08660 -113.38820 0.092 -0.003 1.1090e+16 0.03 0.13 0.22 12 170831050447 
2017 243 08 31 05 07 41.569 42.08668 -113.38828 0.056 -0.719 9.3638e+14 0.02 0.15 0.24 10 170831050741 
2017 243 08 31 05 23 47.771 42.08678 -113.38785 0.048 -0.496 2.0263e+15 0.02 0.17 0.29 09 170831052347 
2017 249 09 06 01 55 46.061 42.08575 -113.39163 0.077 -0.303 3.9452e+15 0.02 0.20 0.29 07 170906015546 
2017 250 09 07 03 43 58.106 42.08617 -113.39133 0.003 -0.715 9.4823e+14 0.01 0.20 0.30 07 170907034358 
2017 251 09 08 09 36 55.499 42.08563 -113.39132 0.039 -0.344 3.4229e+15 0.01 0.19 0.30 07 170908093655 
2017 251 09 08 09 54 55.882 42.08555 -113.39003 0.037 -0.219 5.2727e+15 0.03 0.20 0.30 07 170908095455 
2017 251 09 08 09 55 21.146 42.08550 -113.39105 0.071 -0.261 4.5543e+15 0.01 0.20 0.30 07 170908095521 
2017 252 09 09 00 55 46.539 42.08617 -113.39055 0.090 -0.657 1.1607e+15 0.01 0.19 0.31 07 170909005546 
2017 258 09 15 09 08 47.540 42.08528 -113.39380 0.000 -0.288 4.1435e+15 0.01 0.18 0.30 07 170915090847 
2017 264 09 21 05 45 51.516 42.08608 -113.39737 0.000 -0.543 1.7173e+15 0.04 0.20 0.30 07 170921054551 
2017 265 09 22 18 33 47.177 42.08780 -113.39557 0.000 -0.489 2.0755e+15 0.12 0.17 0.32 08 170922183347 
2017 266 09 23 20 44 38.687 42.08687 -113.39905 0.000 -0.381 3.0135e+15 0.08 0.18 0.27 08 170923204438 
2017 282 10 09 14 22 7.056 42.09047 -113.41268 0.000 -0.057 9.2093e+15 0.67 0.28 0.42 07 171009142207 
2017 290 10 17 03 51 48.786 42.09550 -113.39733 0.728 0.020 1.2007e+16 0.22 0.31 0.52 09 171017035148 
2018 082 03 23 20 50 11.432 42.08195 -113.37412 0.000 0.393 4.3664e+16 0.19 0.23 0.45 05 180323205011 
2018 114 04 24 02 59 41.522 42.08867 -113.39475 0.000 0.327 3.4718e+16 0.28 0.16 0.34 05 180424025941 
2018 114 04 24 03 18 31.333 42.08785 -113.38702 0.000 0.512 6.5730e+16 0.13 0.14 0.33 06 180424031831 
2018 114 04 24 23 04 42.827 42.09425 -113.40035 0.000 -0.142 6.8750e+15 0.26 0.17 0.44 05 180424230442 
2018 115 04 25 06 47 52.613 42.08327 -113.37087 3.531 0.928 2.7637e+17 0.11 0.71 1.05 05 180425064752 
2018 115 04 25 12 26 8.581 42.08138 -113.37045 0.000 -0.223 5.1894e+15 0.30 0.41 1.10 05 180425122608 
2018 135 05 15 02 49 20.924 42.08810 -113.38823 0.000 0.177 2.0667e+16 0.14 0.13 0.34 06 180515024920 
2018 144 05 24 21 21 2.018 42.08680 -113.37617 0.140 0.315 3.3249e+16 0.16 0.17 0.44 05 180524212102 
2018 147 05 27 19 02 54.399 42.08212 -113.38548 0.506 0.747 1.4786e+17 0.15 0.24 0.42 06 180527190254 
2018 151 05 31 05 51 17.326 42.08762 -113.39252 0.000 0.293 3.0898e+16 0.18 0.18 0.35 05 180531055117 
2018 162 06 11 09 17 15.998 42.09840 -113.37470 0.467 1.544 2.3244e+18 0.24 0.27 0.76 06 180611091715 
2018 165 06 14 14 40 25.726 42.09297 -113.38273 0.000 0.605 9.0676e+16 0.52 0.15 0.55 05 180614144025 
2018 186 07 05 15 24 40.907 42.08855 -113.37668 0.000 0.318 3.3606e+16 0.12 0.18 0.59 05 180705152440 
2018 197 07 16 19 07 42.165 42.09080 -113.38177 0.222 0.124 1.7232e+16 0.13 0.17 0.34 06 180716190742 
2018 214 08 02 08 53 15.726 42.09115 -113.38762 1.043 -0.603 1.3982e+15 0.14 0.55 0.86 05 180802085315 
2018 222 08 10 09 22 55.212 42.07830 -113.38067 1.627 0.997 3.5162e+17 0.09 0.36 1.03 06 180810092255 
2018 222 08 10 12 30 40.887 42.08993 -113.38802 0.000 -0.263 4.5223e+15 0.42 0.14 0.32 05 180810123040 
2018 222 08 10 16 56 7.344 42.07947 -113.38772 0.423 0.355 3.8189e+16 0.16 0.19 0.29 06 180810165607 
2018 222 08 10 17 23 21.634 42.07938 -113.38457 0.461 0.643 1.0354e+17 0.16 0.33 0.71 06 180810172321 
2018 222 08 10 19 03 25.139 42.08235 -113.39092 0.000 0.329 3.4995e+16 0.12 0.15 0.27 05 180810190325 
2018 222 08 10 20 00 13.502 42.07882 -113.37987 1.330 0.439 5.1168e+16 0.15 0.35 0.65 07 180810200013 
2018 227 08 15 00 30 1.320 42.08993 -113.38777 0.000 0.208 2.3019e+16 0.39 0.13 0.39 05 180815003001 
2018 232 08 20 16 03 38.233 42.07573 -113.38193 0.596 0.605 9.0671e+16 0.12 0.17 0.57 07 180820160338 
2018 234 08 22 21 18 1.101 42.11422 -113.36790 2.242 0.966 3.1542e+17 0.57 0.68 1.48 06 180822211801 
2018 235 08 23 16 08 49.124 42.09298 -113.38300 0.000 0.229 2.4764e+16 0.12 0.11 0.29 07 180823160849 
2018 238 08 26 16 10 19.888 42.08560 -113.39113 0.000 0.137 1.7988e+16 0.15 0.15 0.34 06 180826161019 
2018 243 08 31 06 11 56.986 42.08970 -113.38358 0.179 1.029 3.9249e+17 0.12 0.13 0.31 07 180831061156 
2018 245 09 02 20 30 6.020 42.10273 -113.38492 0.000 -0.164 6.3621e+15 0.57 0.33 0.80 06 180902203006 
2018 246 09 03 12 12 6.041 42.08620 -113.38492 0.000 0.289 3.0478e+16 0.18 0.14 0.28 06 180903121206 
2018 246 09 03 23 48 32.397 42.08695 -113.39197 0.958 0.965 3.1472e+17 0.15 0.28 0.39 06 180903234832 
2018 251 09 08 21 22 50.012 42.11443 -113.36517 0.000 0.422 4.8207e+16 0.29 0.27 0.69 07 180908212250 
2018 255 09 12 05 26 10.414 42.06688 -113.37045 0.842 0.367 3.9847e+16 0.13 0.28 0.48 05 180912052610 
2018 259 09 16 07 20 55.290 42.08455 -113.39265 0.000 0.045 1.3118e+16 0.07 0.21 0.45 07 180916072055 
2018 261 09 18 09 23 2.154 42.09832 -113.39327 0.000 0.977 3.2724e+17 0.60 0.13 0.47 06 180918092302 
2018 264 09 21 13 35 16.880 42.08055 -113.37957 0.000 0.762 1.5569e+17 0.30 0.17 0.41 05 180921133516 
2018 267 09 24 07 26 45.503 42.08617 -113.39580 0.000 0.066 1.4085e+16 0.28 0.16 0.36 06 180924072645 
2018 274 10 01 00 54 15.755 42.08500 -113.40343 0.000 0.075 1.4513e+16 0.24 0.23 0.90 05 181001005415 
2018 277 10 04 03 10 45.931 42.08757 -113.39965 0.000 -0.335 3.5327e+15 0.20 0.24 0.43 05 181004031045 
2018 278 10 05 00 06 24.717 42.08830 -113.39392 0.000 -0.566 1.5880e+15 0.28 0.17 0.35 05 181005000624 
2018 280 10 07 09 19 16.589 42.08695 -113.39118 0.000 0.080 1.4782e+16 0.16 0.16 0.34 06 181007091916 
2018 286 10 13 16 19 26.960 42.09005 -113.37577 0.000 0.663 1.1077e+17 0.22 0.20 0.57 06 181013161926 
2018 288 10 15 11 58 24.231 42.08630 -113.38782 0.000 0.362 3.9133e+16 0.24 0.14 0.37 06 181015115824 
2018 303 10 30 02 56 0.818 42.08773 -113.39400 0.000 0.106 1.6175e+16 0.25 0.17 0.38 06 181030025600 
2018 317 11 13 17 17 51.259 42.10542 -113.38202 0.000 0.208 2.2982e+16 0.49 0.20 0.60 05 181113171751 
2018 318 11 14 21 51 50.448 42.09792 -113.37942 0.000 0.843 2.0666e+17 0.23 0.20 0.38 05 181114215150 
2018 331 11 27 00 42 59.281 42.08468 -113.37435 0.927 0.309 3.2590e+16 0.07 0.30 0.76 05 181127004259 
2018 331 11 27 04 29 28.818 42.07013 -113.39943 0.000 0.415 4.7088e+16 0.25 0.30 0.71 06 181127042928 
2018 331 11 27 04 34 58.293 42.08448 -113.38950 0.000 0.357 3.8498e+16 0.13 0.17 0.37 05 181127043458 
2018 351 12 17 13 58 47.370 42.07953 -113.37662 0.757 0.765 1.5768e+17 0.19 0.22 0.35 06 181217135847 
2018 357 12 23 06 01 52.299 42.08700 -113.38910 0.000 -0.112 7.6163e+15 0.19 0.14 0.35 06 181223060152 
2018 360 12 26 21 30 35.538 42.05513 -113.35960 0.706 1.332 1.1164e+18 0.35 0.70 1.32 05 181226213035 
2019 006 01 06 18 05 39.535 42.09695 -113.39292 0.000 0.769 1.5965e+17 0.14 0.13 0.33 06 190106180539 
2019 010 01 10 04 49 59.226 42.08975 -113.40122 0.000 -0.242 4.8718e+15 0.42 0.19 0.42 05 190110044959